# Fig. 1c
# 0. flow rate ratio, 1. 5 L/h prod. rate (L/h), 2. 10 L/h prod. rate (L/h), 3. 20 L/h prod. rate (L/h), 4. 30 L/h prod. rate (L/h), 5. 40 L/h prod. rate (L/h)
3.999999999999999289e+01 3.290722148227846755e-02 6.656787874773795188e-02 1.299538049202912660e-01 1.841585157274936158e-01 2.296329197092765173e-01
4.188514192203597020e+01 3.450471422372430180e-02 6.969049311514605161e-02 1.353510132835404334e-01 1.907757837376962418e-01 2.369313146945994097e-01
4.385912784572739298e+01 3.613858346157587664e-02 7.292578200820452883e-02 1.408897589952144425e-01 1.975015968229711649e-01 2.442895176527516699e-01
4.592614485987530770e+01 3.790652492260750822e-02 7.635576543645797298e-02 1.465699471181789171e-01 2.043770874522635173e-01 2.517436542509526864e-01
4.809057738469650900e+01 3.973568142724958480e-02 7.993143694606955063e-02 1.523393674560681865e-01 2.113071233356527689e-01 2.592793234427109295e-01
5.035701647176668416e+01 4.163928731731388055e-02 8.358172301697895656e-02 1.582292317019693140e-01 2.182855771295726943e-01 2.668512087969339142e-01
5.273026954225625929e+01 4.362809940158126482e-02 8.737226063497353923e-02 1.642782927224701317e-01 2.253386498504198476e-01 2.743147111504884439e-01
5.521537058411536947e+01 4.573422158594195319e-02 9.127275733697398641e-02 1.704353244704444603e-01 2.324460296023062311e-01 2.820114850769624981e-01
5.781759082983707287e+01 4.792263306409968310e-02 9.538219348992377222e-02 1.766520439927027897e-01 2.395846782143563058e-01 2.894658240297980911e-01
6.054244993744830339e+01 5.020354832545388668e-02 9.959430767533002105e-02 1.829405103318492709e-01 2.467692818443675273e-01 2.973161765019050051e-01
6.339572769844451727e+01 5.261233978296812885e-02 1.038975759132280408e-01 1.893207821650110534e-01 2.540007227280154933e-01 3.046822721911358611e-01
6.638347629750241197e+01 5.509544948903312422e-02 1.083246735353367435e-01 1.957585577413604172e-01 2.611987473195319098e-01 3.122202659813728132e-01
6.951203314997499660e+01 5.765146678778466927e-02 1.129076544542725324e-01 2.022390970229450691e-01 2.685504130163424708e-01 3.198960841298048030e-01
7.278803434439932118e+01 6.030985775481318562e-02 1.175760095350685680e-01 2.088373404526860933e-01 2.758361880024636781e-01 3.273521525421839717e-01
7.621842871852987855e+01 6.315370999288258402e-02 1.223424765448343637e-01 2.154303400238811728e-01 2.831261176991339279e-01 3.349671280308180732e-01
7.981049259875517521e+01 6.606989963143519717e-02 1.272402507626604617e-01 2.221369588627089831e-01 2.905225873746976606e-01 3.425010004370071526e-01
8.357184523416157163e+01 6.906110961574241092e-02 1.322443354951653716e-01 2.288867265462718736e-01 2.977223802804322972e-01 3.498814371087752284e-01
8.751046495798209435e+01 7.217512222846036996e-02 1.373487709129719014e-01 2.356348229970263719e-01 3.049010271521529480e-01 3.572295491187155725e-01
9.163470611071092264e+01 7.537777171514437047e-02 1.425224817054518422e-01 2.422935726959465352e-01 3.122487697568178677e-01 3.644584246794089766e-01
9.595331676077961447e+01 7.869281838679866026e-02 1.477778145694046696e-01 2.491141349247434911e-01 3.194859448735347662e-01 3.716612607810615976e-01
1.004754572603832088e+02 8.212487554605514550e-02 1.530981481028640401e-01 2.559405759717216511e-01 3.266830114034163790e-01 3.787885078230139313e-01
1.052107196758152838e+02 8.561358592587112182e-02 1.584852995767408457e-01 2.626968074643592499e-01 3.337957537421580856e-01 3.858375700648439266e-01
1.101691481335266758e+02 8.919053750650278445e-02 1.639289403946863066e-01 2.695346607928484350e-01 3.408519937607081274e-01 3.927977739117246569e-01
1.153612601250642626e+02 9.285330883586201400e-02 1.694512464294599674e-01 2.763297802481139986e-01 3.478473771427336714e-01 3.996491947972069525e-01
1.207980688160805585e+02 9.665261089403925920e-02 1.749706172756924083e-01 2.831391872025363354e-01 3.547783927671453452e-01 4.063836780959813044e-01
1.264911064067352129e+02 1.004781370608543306e-01 1.805596318103803999e-01 2.898406200492364415e-01 3.616317414574605760e-01 4.129779790808396633e-01
1.324524485930363369e+02 1.044024191565851023e-01 1.861681339364920085e-01 2.965645542607205365e-01 3.684095757401126825e-01 4.194196160811277663e-01
1.386947401810126905e+02 1.083725576296345749e-01 1.918324869052996096e-01 3.032565856962272655e-01 3.750874642496113687e-01 4.258127602879384077e-01
1.452312219080404532e+02 1.124085872400514691e-01 1.974449666532956393e-01 3.098564025929149146e-01 3.816553141718133646e-01 4.320438847238834423e-01
1.520757585282243838e+02 1.164974432302258861e-01 2.031382276034776890e-01 3.164169568491093099e-01 3.881052980484340775e-01 4.381686795793016675e-01
1.592428682213988225e+02 1.206183044521163955e-01 2.088133289322529340e-01 3.229476498244333027e-01 3.944380302311213393e-01 4.441407713220528741e-01
1.667477533881340719e+02 1.247715436596747857e-01 2.145538844683165525e-01 3.294132487387280706e-01 4.006348255503373590e-01 4.499707768309567646e-01
1.746063328960663057e+02 1.289862580603411690e-01 2.202032618688726240e-01 3.357885125989746311e-01 4.066900361303384948e-01 4.556974176504347551e-01
1.828352758459499228e+02 1.332366846763608226e-01 2.259256170837667388e-01 3.420692177897505237e-01 4.126302862436596608e-01 4.612902671677318045e-01
1.914520369290552537e+02 1.374802217295383322e-01 2.316032965130020715e-01 3.482453899520761564e-01 4.184379510796239487e-01 4.667361070451015448e-01
2.004748934509088372e+02 1.417543664806537596e-01 2.372370683887510823e-01 3.543053685439924161e-01 4.241015711027342205e-01 4.720520312329956614e-01
2.099229840999089731e+02 1.460161866810845144e-01 2.428443369551095132e-01 3.602633209550244464e-01 4.296050346802169906e-01 4.773042987033631612e-01
2.198163495430497676e+02 1.503046842473051703e-01 2.484013437233791310e-01 3.660750025747508962e-01 4.350137885774941204e-01 4.824194478646708362e-01
2.301759749348627224e+02 1.546008472271225842e-01 2.539865217001894826e-01 3.717415354757234169e-01 4.402842859463769742e-01 4.874419654117861933e-01
2.410238344297430615e+02 1.588983743031089080e-01 2.595192121581478273e-01 3.772997921020838086e-01 4.454164104777384448e-01 4.923657416550791255e-01
2.523829377920772572e+02 1.631489222257108407e-01 2.650037760981739376e-01 3.826976007142244840e-01 4.504242269790573738e-01 4.971819768255288374e-01
2.642773792030383788e+02 1.674533375057578322e-01 2.704177531122426426e-01 3.879511987071237455e-01 4.553131711909935708e-01 5.019496719007801033e-01
2.767323883675745719e+02 1.717391847233823710e-01 2.757410033329556476e-01 3.930459111137453165e-01 4.600731229029206837e-01 5.066370308453910232e-01
2.897743840299960425e+02 1.759952358506564896e-01 2.810035702708968408e-01 3.980185489707097068e-01 4.647150138603055591e-01 5.112574315718397822e-01
3.034310300116734993e+02 1.802434369489478161e-01 2.861617451220768715e-01 4.028379265824825750e-01 4.692452544691756988e-01 5.158070820584284011e-01
3.177312938897126173e+02 1.844657752105028636e-01 2.912023309936921933e-01 4.075239578446994138e-01 4.737086413061178947e-01 5.203131495543165119e-01
3.327055084410684458e+02 1.886569760595390721e-01 2.961188802212497140e-01 4.120578564283767786e-01 4.780935311382639719e-01 5.247811981531125269e-01
3.483854359824322842e+02 1.928293727307164585e-01 3.008983487081020036e-01 4.164599041359806075e-01 4.823707338074849638e-01 5.292055780284753430e-01
3.648043357423639463e+02 1.969514705982347014e-01 3.055282066605713998e-01 4.207264678652991585e-01 4.865826566153935717e-01 5.335785530883615513e-01
3.819970344085740521e+02 2.010214091683044102e-01 3.099973614545073475e-01 4.248511459922986733e-01 4.907375650135916700e-01 5.379595550001623483e-01
4.000000000000001137e+02 2.050379470478246313e-01 3.143052028563599332e-01 4.288617054980613519e-01 4.948003994482872980e-01 5.423324119737518156e-01
4.188514192203595030e+02 2.089842248156444926e-01 3.184411435799150425e-01 4.327552642813410899e-01 4.988181488079018178e-01 5.466612456638745288e-01
4.385912784572741430e+02 2.128265068722112463e-01 3.223982929232665495e-01 4.365656552782388733e-01 5.027847213075378185e-01 5.509669323318990841e-01
4.592614485987527928e+02 2.165556400019724714e-01 3.261840162369222251e-01 4.402638705805470565e-01 5.067212924624402426e-01 5.553131939426034780e-01
4.809057738469653600e+02 2.201517734850018393e-01 3.298046482197566354e-01 4.438677465586929327e-01 5.106262698018847468e-01 5.596554814691809820e-01
5.035701647176666143e+02 2.235769704581610784e-01 3.332459055307135931e-01 4.473750552574083938e-01 5.144882042615932516e-01 5.640312800058124854e-01
5.273026954225631471e+02 2.268331691143812279e-01 3.365133828847620689e-01 4.508204217697485139e-01 5.183110188744716185e-01 5.684253262535090556e-01
5.521537058411536236e+02 2.298886573374002984e-01 3.396176217479018322e-01 4.541937517832215776e-01 5.221269524073157697e-01 5.728176400395403878e-01
5.781759082983708140e+02 2.327322611935992158e-01 3.425679559753062597e-01 4.574853783652261252e-01 5.259345790720443281e-01 5.772455269733972605e-01
6.054244993744830481e+02 2.353579427598424256e-01 3.453597700558105887e-01 4.607105486660482696e-01 5.297338252669490100e-01 5.817181485700801957e-01
6.339572769844452296e+02 2.377610872710302914e-01 3.480091748995921552e-01 4.638868167712629220e-01 5.335223292928277239e-01 5.862272649866305807e-01
6.638347629750240912e+02 2.399469128771776483e-01 3.505273339301866464e-01 4.670019533998518990e-01 5.373234524837141590e-01 5.907766061665945534e-01
6.951203314997500229e+02 2.419169472193457293e-01 3.529229319753706684e-01 4.700737567734297184e-01 5.411323960450991066e-01 5.953553105053829286e-01
7.278803434439931834e+02 2.436751493629284726e-01 3.552112706086553717e-01 4.731040139853254778e-01 5.449664271502486779e-01 5.999846584958713480e-01
7.621842871852987855e+02 2.452440325153228406e-01 3.573935724428899396e-01 4.760955244449913137e-01 5.488174574791884197e-01 6.046604450753714222e-01
7.981049259875517237e+02 2.466371141654251642e-01 3.594579504915809687e-01 4.790555907972214866e-01 5.526874540049372397e-01 6.093496990159559257e-01
8.357184523416157163e+02 2.478766886326841112e-01 3.614300234923153443e-01 4.819904474566702457e-01 5.565654728885972569e-01 6.141186686646366022e-01
8.751046495798209435e+02 2.489746850098836783e-01 3.633073881706849195e-01 4.849081710929734612e-01 5.604645131190634233e-01 6.188958671394381161e-01
9.163470611071091980e+02 2.499435184390653431e-01 3.651068132323080362e-01 4.878145936611871791e-01 5.643958662658894454e-01 6.236920791621675120e-01
9.595331676077962584e+02 2.508000535216797222e-01 3.668337195089320657e-01 4.907063438282460166e-01 5.683256634904201299e-01 6.285398402835998821e-01
1.004754572603832116e+03 2.515573983705045036e-01 3.684887497444195859e-01 4.935900498707236905e-01 5.722948503922704599e-01 6.334131963370348561e-01
1.052107196758152895e+03 2.522286486552012263e-01 3.700758143998634231e-01 4.964628100803064048e-01 5.762895090886303029e-01 6.382795818294628720e-01
1.101691481335265507e+03 2.528208960228711666e-01 3.716026315413795689e-01 4.993340501361933081e-01 5.803155867774839605e-01 6.431822929977428771e-01
1.153612601250642683e+03 2.533467500154840124e-01 3.730729287446823417e-01 5.022157951247390173e-01 5.843519820380977947e-01 6.480643441332685217e-01
1.207980688160805585e+03 2.538133593574825597e-01 3.744899265381453901e-01 5.050914394766553572e-01 5.884003561615548383e-01 6.529598508924783218e-01
1.264911064067352072e+03 2.542279648137133474e-01 3.758615410548337143e-01 5.079593787805246619e-01 5.924550260912577748e-01 6.578476677028536335e-01
1.324524485930363426e+03 2.546005495983450495e-01 3.771845074970785472e-01 5.108205711253310799e-01 5.965211350766090881e-01 6.627266997908475288e-01
1.386947401810127076e+03 2.549336910280441404e-01 3.784626059627800854e-01 5.136928003755082406e-01 6.005981654890701904e-01 6.675611242012909896e-01
1.452312219080404475e+03 2.552323988010165023e-01 3.797029535067861228e-01 5.165650308818322545e-01 6.046644333390223114e-01 6.723545345489839731e-01
1.520757585282245373e+03 2.554963011782501736e-01 3.809007873008398160e-01 5.194378125528711365e-01 6.087323969189487594e-01 6.770997411900228080e-01
1.592428682213988168e+03 2.557314930961221422e-01 3.820664677843244039e-01 5.223093266176099814e-01 6.127687379616763019e-01 6.817913856490205315e-01
1.667477533881342424e+03 2.559416897231377441e-01 3.832024249813673067e-01 5.251763340254166357e-01 6.167838459176936405e-01 6.864224609600505511e-01
1.746063328960663057e+03 2.561293718762301386e-01 3.843042571352006664e-01 5.280283069491678027e-01 6.207683896420538305e-01 6.909854862387798669e-01
1.828352758459501274e+03 2.562921014107878426e-01 3.853774158139890438e-01 5.308671903883143139e-01 6.247059702094054368e-01 6.954743005842054515e-01
1.914520369290552708e+03 2.564354782002223887e-01 3.864137752759934097e-01 5.336979128717674881e-01 6.285893625654184191e-01 6.998902583452085713e-01
2.004748934509088485e+03 2.565629203732701646e-01 3.874319065776726800e-01 5.365148204749532468e-01 6.324211191218912509e-01 7.042130765772994794e-01
2.099229840999089902e+03 2.566720232512151312e-01 3.884289330438318588e-01 5.393068054935143962e-01 6.361937748681107951e-01 7.084509859196471693e-01
2.198163495430497733e+03 2.567602169092139119e-01 3.894180846085170677e-01 5.420726096103843927e-01 6.399009888335790430e-01 7.125945249048273311e-01
2.301759749348627338e+03 2.568257808514280427e-01 3.903729845493580375e-01 5.448167650796948980e-01 6.435345290334858470e-01 7.166401350134165016e-01
2.410238344297430558e+03 2.568721701216708508e-01 3.913042463627398049e-01 5.475243670779507132e-01 6.470956035462663847e-01 7.205822000025188245e-01
2.523829377920772458e+03 2.568997738535265807e-01 3.922053143086088323e-01 5.501870208376165028e-01 6.505730972512338006e-01 7.244277459664260066e-01
2.642773792030383902e+03 2.569179803880347057e-01 3.930853524127242427e-01 5.527985167860020033e-01 6.539646782974545269e-01 7.281670193530493940e-01
2.767323883675745947e+03 2.569271566734424583e-01 3.939405400722971740e-01 5.553577646566792980e-01 6.572778810598837174e-01 7.317903086127547363e-01
2.897743840299960084e+03 2.569193008847416859e-01 3.947770993504834958e-01 5.578546934014064762e-01 6.605015880606470713e-01 7.353060127627381037e-01
3.034310300116735107e+03 2.569008655004854647e-01 3.955928636860170378e-01 5.602896300664440554e-01 6.636326799185028325e-01 7.387227521994979007e-01
3.177312938897126060e+03 2.568556817957506899e-01 3.963803760683828892e-01 5.626636341792873308e-01 6.666758242759782682e-01 7.420313257328133849e-01
3.327055084410684231e+03 2.567868787560115273e-01 3.971369684793810695e-01 5.649702082206702336e-01 6.696050893305852680e-01 7.452274725760351659e-01
3.483854359824319545e+03 2.566919954185513109e-01 3.978648162640427421e-01 5.672086628384849227e-01 6.724446654609211871e-01 7.483265171435052876e-01
3.648043357423639463e+03 2.565793907005891050e-01 3.985647007878345138e-01 5.693732308190981861e-01 6.751860063590501282e-01 7.513213331703780806e-01
3.819970344085740635e+03 2.564543529268278332e-01 3.992339054863149328e-01 5.714660034091546548e-01 6.778031691383965551e-01 7.542137511097811720e-01
4.000000000000000909e+03 2.563096839810889427e-01 3.998715240727271358e-01 5.734709928322438977e-01 6.803377429042081204e-01 7.569772045576241837e-01
4.188514192203595485e+03 2.561402275868251976e-01 4.004833075324102376e-01 5.754012643587639309e-01 6.827687285567644038e-01 7.596693540677648127e-01
4.385912784572741657e+03 2.559487883735263036e-01 4.010615322069883137e-01 5.772493073373248240e-01 6.850978161933730659e-01 7.622736493252574297e-01
