# Fig. 1d
# 0. flow rate ratio, 1. 5 L/h power (kW), 2. 10 L/h power (kW), 3. 20 L/h power (kW), 4. 30 L/h power (kW), 5. 40 L/h power (kW)
3.999999999999999289e+01 2.184644827606588535e+02 4.571816705330958257e+02 9.433579329345079714e+02 1.441830425201449543e+03 1.951632584703630982e+03
4.188514192203597020e+01 2.171842946810005799e+02 4.546070900066319496e+02 9.390970218885481700e+02 1.437061284084494673e+03 1.946824233496068018e+03
4.385912784572739298e+01 2.157846121858128754e+02 4.519677056964083590e+02 9.349533193054176081e+02 1.432424635053198244e+03 1.942311004910586462e+03
4.592614485987530770e+01 2.144573259933952727e+02 4.493605469644508048e+02 9.308150524901886911e+02 1.427802571962186903e+03 1.937714464561462819e+03
4.809057738469650900e+01 2.130835208327092118e+02 4.467648351133080951e+02 9.266761414166240911e+02 1.423282220324904074e+03 1.933163064177636215e+03
5.035701647176668416e+01 2.116257055457971603e+02 4.440178953616209583e+02 9.224906160408568212e+02 1.418829459684994163e+03 1.928768333359563258e+03
5.273026954225625929e+01 2.101494192892676551e+02 4.412192651523502605e+02 9.184931428723275531e+02 1.414497257225165868e+03 1.924706189665756938e+03
5.521537058411536947e+01 2.086288279597781070e+02 4.383542997123767577e+02 9.143874271939122309e+02 1.410280341375749458e+03 1.920570775697060071e+03
5.781759082983707287e+01 2.070955393389334063e+02 4.354915035644076511e+02 9.103346816427729209e+02 1.406115390549430231e+03 1.916879371896851580e+03
6.054244993744830339e+01 2.054860912463858540e+02 4.325832124344308909e+02 9.063839607155092608e+02 1.402052946196597532e+03 1.912912477108902749e+03
6.339572769844451727e+01 2.039003897922965223e+02 4.296668634921625198e+02 9.024527713685293975e+02 1.398116519234426733e+03 1.909669709935029232e+03
6.638347629750241197e+01 2.022145648353417471e+02 4.267697765769581224e+02 8.985947076661527717e+02 1.394549126552425150e+03 1.906490004352985807e+03
6.951203314997499660e+01 2.004575348052125605e+02 4.238215330207892748e+02 8.949411080579561713e+02 1.390833302848366202e+03 1.903344364533091266e+03
7.278803434439932118e+01 1.986669122712882825e+02 4.208256180711064758e+02 8.912965428361003433e+02 1.387419981738646129e+03 1.900461295043233804e+03
7.621842871852987855e+01 1.969194617886431899e+02 4.178612551188479074e+02 8.876470737384091763e+02 1.384020880281693735e+03 1.897547999324631974e+03
7.981049259875517521e+01 1.950943252940880086e+02 4.149052448573720540e+02 8.841606787821629041e+02 1.380736213311730808e+03 1.894877572576460352e+03
8.357184523416157163e+01 1.932139553838684378e+02 4.119255688233147907e+02 8.806950485886201250e+02 1.377973787935931341e+03 1.892455934397822375e+03
8.751046495798209435e+01 1.913279148780736705e+02 4.090031408315855401e+02 8.773549233803322522e+02 1.375270772191162450e+03 1.890150780361654824e+03
9.163470611071092264e+01 1.893928890564243659e+02 4.060788679253525970e+02 8.744127398518348855e+02 1.372505315699389712e+03 1.888048408069290190e+03
9.595331676077961447e+01 1.874484166898027979e+02 4.031665554716612405e+02 8.713507394083359259e+02 1.369952921990462528e+03 1.886044425556453234e+03
1.004754572603832088e+02 1.855066330317438599e+02 4.003408231462706794e+02 8.683772092320843967e+02 1.367527481980524726e+03 1.884185049814671629e+03
1.052107196758152838e+02 1.835178379715060544e+02 3.974954284647344593e+02 8.655705919973981963e+02 1.365311735487612168e+03 1.882431085582414653e+03
1.101691481335266758e+02 1.815158642029245755e+02 3.947458135114857782e+02 8.627737318221518308e+02 1.363209458473370887e+03 1.880826664564951443e+03
1.153612601250642626e+02 1.795506923329346876e+02 3.920375181718406452e+02 8.602923790007009757e+02 1.361292283605692546e+03 1.879320346094677916e+03
1.207980688160805585e+02 1.775587248746788305e+02 3.894026252601888700e+02 8.578706358419772187e+02 1.359476756069185058e+03 1.877928264908870233e+03
1.264911064067352129e+02 1.755885475770799644e+02 3.868232021139971266e+02 8.556221518490309563e+02 1.357780044364178366e+03 1.876632834701758838e+03
1.324524485930363369e+02 1.736102565997958891e+02 3.842737926037224270e+02 8.534396334991449748e+02 1.356230575857118765e+03 1.875421739992032599e+03
1.386947401810126905e+02 1.716769544522034323e+02 3.818116536041432028e+02 8.514567635565661021e+02 1.354787940276726658e+03 1.874265355146507090e+03
1.452312219080404532e+02 1.697406659321954692e+02 3.795108506247328251e+02 8.495531553404832721e+02 1.353466499913870393e+03 1.873207812418714866e+03
1.520757585282243838e+02 1.678446886123356876e+02 3.772071676464726693e+02 8.477813132316869087e+02 1.352230182482487862e+03 1.872204703447764587e+03
1.592428682213988225e+02 1.659671679112350375e+02 3.750263752190926425e+02 8.461305481284762209e+02 1.351115375160074336e+03 1.871229229418776413e+03
1.667477533881340719e+02 1.641386975592862143e+02 3.729249739560779062e+02 8.446184405949084066e+02 1.350083792069907304e+03 1.870265601992366328e+03
1.746063328960663057e+02 1.623546812428285477e+02 3.709770870797398175e+02 8.432085103382789839e+02 1.349113291460549817e+03 1.869344363635500940e+03
1.828352758459499228e+02 1.606157567487149720e+02 3.690384394996199262e+02 8.419193698832197015e+02 1.348213641966129671e+03 1.868457303169191846e+03
1.914520369290552537e+02 1.589227920774484062e+02 3.672784267529185627e+02 8.407335397532089019e+02 1.347404991728979212e+03 1.867563040808612641e+03
2.004748934509088372e+02 1.572968511252641406e+02 3.655603968454701658e+02 8.396693363058526529e+02 1.346631250640430153e+03 1.866669811782061970e+03
2.099229840999089731e+02 1.557489447849613100e+02 3.639652621435648712e+02 8.386863615915242463e+02 1.345884980605011378e+03 1.865795599485870071e+03
2.198163495430497676e+02 1.542413141970800154e+02 3.624753461759688662e+02 8.378300250138324827e+02 1.345175513743004785e+03 1.864896339286715374e+03
2.301759749348627224e+02 1.528047393515568615e+02 3.610867172750569694e+02 8.370338527398943143e+02 1.344503274136469145e+03 1.863969881254954089e+03
2.410238344297430615e+02 1.514408185976785148e+02 3.598014034125317835e+02 8.363181277245989804e+02 1.343838495607296636e+03 1.863020915896381894e+03
2.523829377920772572e+02 1.501429241429176216e+02 3.586375340519891779e+02 8.356915034770115653e+02 1.343208256343805260e+03 1.862022064813102361e+03
2.642773792030383788e+02 1.489316167846101280e+02 3.575713635223580127e+02 8.351106740009659006e+02 1.342576080458647766e+03 1.861019483041912736e+03
2.767323883675745719e+02 1.478125086201127090e+02 3.566093862482934469e+02 8.345894877928323012e+02 1.341948111391804559e+03 1.859981060041080127e+03
2.897743840299960425e+02 1.467657016228990869e+02 3.557424033811815320e+02 8.341189665331429524e+02 1.341317245935069650e+03 1.858904747978549722e+03
3.034310300116734993e+02 1.458139265943985379e+02 3.549915003525400152e+02 8.336864979930994650e+02 1.340658231358816465e+03 1.857788627693517810e+03
3.177312938897126173e+02 1.449528904378506127e+02 3.543361390234115902e+02 8.332896011126769054e+02 1.339992001271717299e+03 1.856598497836580236e+03
3.327055084410684458e+02 1.441875113838904099e+02 3.537802725545149087e+02 8.329338821506105432e+02 1.339328106957690125e+03 1.855405447991215851e+03
3.483854359824322842e+02 1.435176393103035934e+02 3.533228511306363089e+02 8.325998238264229485e+02 1.338621844616356839e+03 1.854131483152457122e+03
3.648043357423639463e+02 1.429558827518143289e+02 3.529545779297572494e+02 8.322880197080637572e+02 1.337897143207936551e+03 1.852804140195233003e+03
3.819970344085740521e+02 1.425065138840213592e+02 3.526721385623786205e+02 8.319885413406689167e+02 1.337155322070186912e+03 1.851411623787722419e+03
4.000000000000001137e+02 1.421595285315162300e+02 3.524749389141165352e+02 8.317028307552508295e+02 1.336393043603600063e+03 1.850009740151198457e+03
4.188514192203595030e+02 1.419221165838137892e+02 3.523443350869972619e+02 8.314122174096719391e+02 1.335584102509399827e+03 1.848541618777044732e+03
4.385912784572741430e+02 1.417985282557040136e+02 3.522822550853375105e+02 8.311395391669382207e+02 1.334728926380222447e+03 1.847021826967421021e+03
4.592614485987527928e+02 1.417797635964302572e+02 3.522802019810882257e+02 8.308596631790785523e+02 1.333847189597310717e+03 1.845421745037008122e+03
4.809057738469653600e+02 1.418769022654754792e+02 3.523391065101773165e+02 8.305718220819636599e+02 1.332932895591988881e+03 1.843767889966710754e+03
5.035701647176666143e+02 1.420733939876581076e+02 3.524403576022431253e+02 8.302771851116133348e+02 1.331989478946225518e+03 1.842060479457823021e+03
5.273026954225631471e+02 1.423652098219030790e+02 3.525914888232753128e+02 8.299642337958217695e+02 1.331005563684887193e+03 1.840329208108156536e+03
5.521537058411536236e+02 1.427505887325810363e+02 3.527829751003109777e+02 8.296393760407920581e+02 1.329971969648119057e+03 1.838556383806115036e+03
5.781759082983708140e+02 1.432179262219575833e+02 3.530085140327621502e+02 8.293150592599461106e+02 1.328907220112029336e+03 1.836707884103520882e+03
6.054244993744830481e+02 1.437583876256632607e+02 3.532637685280237747e+02 8.289698982250479276e+02 1.327808268312721111e+03 1.834815404550328594e+03
6.339572769844452296e+02 1.443603913878506830e+02 3.535415238717152988e+02 8.285988537667412857e+02 1.326669072307278157e+03 1.832869575115229281e+03
6.638347629750240912e+02 1.450153768206982647e+02 3.538369121704647000e+02 8.282146127002440608e+02 1.325489341956631733e+03 1.830888889259988673e+03
6.951203314997500229e+02 1.457171889072267277e+02 3.541485849983363323e+02 8.278110281084221924e+02 1.324275368417234858e+03 1.828878930063180405e+03
7.278803434439931834e+02 1.464606456128910850e+02 3.544709052880159561e+02 8.273875322092118267e+02 1.323024208486243197e+03 1.826831195638917279e+03
7.621842871852987855e+02 1.472309961575391810e+02 3.548020095658133073e+02 8.269463247343071544e+02 1.321745222937937797e+03 1.824754362281502154e+03
7.981049259875517237e+02 1.480213910112653082e+02 3.551478921915644946e+02 8.264840052902490015e+02 1.320434107698464913e+03 1.822680943846455875e+03
8.357184523416157163e+02 1.488191493340874274e+02 3.554931017761757630e+02 8.260002648050004836e+02 1.319098368498961918e+03 1.820553977169397513e+03
8.751046495798209435e+02 1.496219796028186977e+02 3.558468830597033161e+02 8.254945368643526535e+02 1.317744278760173984e+03 1.818450191239496235e+03
9.163470611071091980e+02 1.504289036441719247e+02 3.561968369989618282e+02 8.249703252932206397e+02 1.316354313351637302e+03 1.816344576585668165e+03
9.595331676077962584e+02 1.512408145909524819e+02 3.565395776755973429e+02 8.244307966711667177e+02 1.314961624303915414e+03 1.814244266956858155e+03
1.004754572603832116e+03 1.520542679321244464e+02 3.568809904387720167e+02 8.238733693385078141e+02 1.313549741334712962e+03 1.812155453957712098e+03
1.052107196758152895e+03 1.528594039760777719e+02 3.572199547283711354e+02 8.233100389876731242e+02 1.312134503016468216e+03 1.810104592160732182e+03
1.101691481335265507e+03 1.536553245008869908e+02 3.575534221124378860e+02 8.227321724491256418e+02 1.310711871381858828e+03 1.808076103891245566e+03
1.153612601250642683e+03 1.544403894022497639e+02 3.578813969740668881e+02 8.221270741674845794e+02 1.309298315204081973e+03 1.806102641495843272e+03
1.207980688160805585e+03 1.552135702179257919e+02 3.582041695617067489e+02 8.215136542471913117e+02 1.307896682316593797e+03 1.804178297533111845e+03
1.264911064067352072e+03 1.559715688888185809e+02 3.585235322285353163e+02 8.209018994515931809e+02 1.306519321417783658e+03 1.802315979314269725e+03
1.324524485930363426e+03 1.567154770195903950e+02 3.588402344820894996e+02 8.202904166438722768e+02 1.305166458543902991e+03 1.800527162383412133e+03
1.386947401810127076e+03 1.574473264286048106e+02 3.591580525939485256e+02 8.196718635271519133e+02 1.303839003982912573e+03 1.798842717900384969e+03
1.452312219080404475e+03 1.581640350680862923e+02 3.594716683343646082e+02 8.190641212723453464e+02 1.302559652342018580e+03 1.797262726722653724e+03
1.520757585282245373e+03 1.588696717373231309e+02 3.597884936646015603e+02 8.184610349575565351e+02 1.301322733771384264e+03 1.795790786880000724e+03
1.592428682213988168e+03 1.595648557506248721e+02 3.601025973675723435e+02 8.178697201055384767e+02 1.300155438838250575e+03 1.794446525533865042e+03
1.667477533881342424e+03 1.602501739108594165e+02 3.604188404063554572e+02 8.172951050196913911e+02 1.299053012429650380e+03 1.793222945627734134e+03
1.746063328960663057e+03 1.609255776053686304e+02 3.607387052053337584e+02 8.167494615868375831e+02 1.298026569076674150e+03 1.792144637398496570e+03
1.828352758459501274e+03 1.615958825587979391e+02 3.610626552813678813e+02 8.162332577190582015e+02 1.297094733714388667e+03 1.791216701333373976e+03
1.914520369290552708e+03 1.622590277267235024e+02 3.613958877653316790e+02 8.157492230692256499e+02 1.296271730216074047e+03 1.790435776154227824e+03
2.004748934509088485e+03 1.629161844483998607e+02 3.617332842227867786e+02 8.153029055012142408e+02 1.295551704362135752e+03 1.789829613172545123e+03
2.099229840999089902e+03 1.635680505138084868e+02 3.620799123736410934e+02 8.149019716137026990e+02 1.294936132512334325e+03 1.789394441557491518e+03
2.198163495430497733e+03 1.642178876623162864e+02 3.624328155683330692e+02 8.145522144623050735e+02 1.294459003959647589e+03 1.789141296074675893e+03
2.301759749348627338e+03 1.648691919440541369e+02 3.628063488112023833e+02 8.142553099268886854e+02 1.294099153357230534e+03 1.789080311775397604e+03
2.410238344297430558e+03 1.655211115702945222e+02 3.631950761848673892e+02 8.140266264197845203e+02 1.293890833638354479e+03 1.789220233190270392e+03
2.523829377920772458e+03 1.661776389177827298e+02 3.636052303015212601e+02 8.138743008873894951e+02 1.293815202995523805e+03 1.789549949784322052e+03
2.642773792030383902e+03 1.668361432433124492e+02 3.640360898417065414e+02 8.138074449945826245e+02 1.293899569367830054e+03 1.790085846339695308e+03
2.767323883675745947e+03 1.675067123692023756e+02 3.644877705197590103e+02 8.138312609460816702e+02 1.294135688771028526e+03 1.790844641856677072e+03
2.897743840299960084e+03 1.681895980285900691e+02 3.649646590031235860e+02 8.139582380727925965e+02 1.294533426839744152e+03 1.791816172054825984e+03
3.034310300116735107e+03 1.688810846879786709e+02 3.654715932562897365e+02 8.141875967646316212e+02 1.295102790035012276e+03 1.793003197876805416e+03
3.177312938897126060e+03 1.695839515570303320e+02 3.660046703405257631e+02 8.145172529296752373e+02 1.295843005252236708e+03 1.794415302136490482e+03
3.327055084410684231e+03 1.703054827962418472e+02 3.665841291713580858e+02 8.149646240703000331e+02 1.296781211915204949e+03 1.796059031572071945e+03
3.483854359824319545e+03 1.710497304690803730e+02 3.671995820096011585e+02 8.155269583604230093e+02 1.297899383273742615e+03 1.797928532167306912e+03
3.648043357423639463e+03 1.718120242932384940e+02 3.678603323120017876e+02 8.162196840882603510e+02 1.299208337766425075e+03 1.800031655773796729e+03
3.819970344085740635e+03 1.725924037667398068e+02 3.685692537587904667e+02 8.170272268760370480e+02 1.300735414587861669e+03 1.802369388305021630e+03
4.000000000000000909e+03 1.733939384259425083e+02 3.693271752982676048e+02 8.179904402390322957e+02 1.302446463734189365e+03 1.804981761905702115e+03
4.188514192203595485e+03 1.742225173404895600e+02 3.701329779115724250e+02 8.190830360380359707e+02 1.304363660566726367e+03 1.807798996280023403e+03
4.385912784572741657e+03 1.750747296610294370e+02 3.709968801673248890e+02 8.203209940812005243e+02 1.306489316425459947e+03 1.810823461093901642e+03
