# Fig. 1e
# 0. flow rate ratio, 1. 5 L/h GOR, 2. 10 L/h GOR, 3. 20 L/h GOR, 4. 30 L/h GOR, 5. 40 L/h GOR
3.999999999999999289e+01 1.506296175306919560e-01 1.456048722822082531e-01 1.377566249069886728e-01 1.277255026032368124e-01 1.176619623535071907e-01
4.188514192203597020e+01 1.588729713371064833e-01 1.532982979084849817e-01 1.441288920407244600e-01 1.327541044007969906e-01 1.217014410536296359e-01
4.385912784572739298e+01 1.674752573666227762e-01 1.613517538732946177e-01 1.506917576375710055e-01 1.378792237929055697e-01 1.257726064647393949e-01
4.592614485987530770e+01 1.767555607952277230e-01 1.699209375461672167e-01 1.574640920621811491e-01 1.431409996491281311e-01 1.299178278611479442e-01
4.809057738469650900e+01 1.864793733084869343e-01 1.789116570148083230e-01 1.643933200041005349e-01 1.484646687200350534e-01 1.341218070256312844e-01
5.035701647176668416e+01 1.967591186993249142e-01 1.882395369423290332e-01 1.715239471823106765e-01 1.538490589122923358e-01 1.383531677607584276e-01
5.273026954225625929e+01 2.076051389964956306e-01 1.980245821877347767e-01 1.788563082885259170e-01 1.593065300759006486e-01 1.425229017412397436e-01
5.521537058411536947e+01 2.192133370694060446e-01 2.082168633839384941e-01 1.863929002102306942e-01 1.648225695151871173e-01 1.468373301549420473e-01
5.781759082983707287e+01 2.314035020603186499e-01 2.190219389109553938e-01 1.940517565187342142e-01 1.703876366225820782e-01 1.510088888605215784e-01
6.054244993744830339e+01 2.443160411536461629e-01 2.302315596457089053e-01 2.018355556374079596e-01 1.760056797525285099e-01 1.554259173170622066e-01
6.339572769844451727e+01 2.580296184649860658e-01 2.418096081899114569e-01 2.097846980711405296e-01 1.816735009089940900e-01 1.595471041960976888e-01
6.638347629750241197e+01 2.724603419832590800e-01 2.538246133645848945e-01 2.178496668979813811e-01 1.872997819483504800e-01 1.637670615993250534e-01
6.951203314997499660e+01 2.875994002610345879e-01 2.664037705907080777e-01 2.259803412783316923e-01 1.930859812361142291e-01 1.680705237006748509e-01
7.278803434439932118e+01 3.035727342077853552e-01 2.793936597158441781e-01 2.343073605874953225e-01 1.988123218874210951e-01 1.722487868582122661e-01
7.621842871852987855e+01 3.207083211544957124e-01 2.927825325897653874e-01 2.426981921053105729e-01 2.045678079954315609e-01 1.765263003360327543e-01
7.981049259875517521e+01 3.386561835247668961e-01 3.066730352044611529e-01 2.512404862526559923e-01 2.104113621224374120e-01 1.807509917230745722e-01
8.357184523416157163e+01 3.574333410779519382e-01 3.210393952308612242e-01 2.598932819175944209e-01 2.160580867988723119e-01 1.848822108611514192e-01
8.751046495798209435e+01 3.772325762001584315e-01 3.358134869911126863e-01 2.685741160363663838e-01 2.217025427409954896e-01 1.889952657905759614e-01
9.163470611071092264e+01 3.979968418597155111e-01 3.509724168450229498e-01 2.770929123665353266e-01 2.275027762626219974e-01 1.930344704731921102e-01
9.595331676077961447e+01 4.198105258846906995e-01 3.665428408279563510e-01 2.858942141873853648e-01 2.332094335105619476e-01 1.970585929710576556e-01
1.004754572603832088e+02 4.427058709647434531e-01 3.824195266914544589e-01 2.947343311762555818e-01 2.388858839825998004e-01 2.010357251588806571e-01
1.052107196758152838e+02 4.665137017316209889e-01 3.987097416160643171e-01 3.034955321877998435e-01 2.444831792374105306e-01 2.049677000236467539e-01
1.101691481335266758e+02 4.913649718615931694e-01 4.152772107611384378e-01 3.124048065575658062e-01 2.500364061018334749e-01 2.088431546149848717e-01
1.153612601250642626e+02 5.171425831301574849e-01 4.322322190479351844e-01 3.212044962772925838e-01 2.555273260062715934e-01 2.126562379999225594e-01
1.207980688160805585e+02 5.443416591454842690e-01 4.493308620063400372e-01 3.300488154891123571e-01 2.609668691894060366e-01 2.164000008358688554e-01
1.264911064067352129e+02 5.722362787740837842e-01 4.667755988358973096e-01 3.387483825925736158e-01 2.663404451689413421e-01 2.200632811300413660e-01
1.324524485930363369e+02 6.013608942313363181e-01 4.844674227588443571e-01 3.474932996078368697e-01 2.716422873059641807e-01 2.236401589772067933e-01
1.386947401810126905e+02 6.312586216096148783e-01 5.024270084332965736e-01 3.561620491797060639e-01 2.768606459347409121e-01 2.271891539363451451e-01
1.452312219080404532e+02 6.622372230173418917e-01 5.202617167026213352e-01 3.647286819489601872e-01 2.819835690030747521e-01 2.306438622877734768e-01
1.520757585282243838e+02 6.940788188972455419e-01 5.385322576740196876e-01 3.732294542361973000e-01 2.870112670728380833e-01 2.340388734054512365e-01
1.592428682213988225e+02 7.267600331447916506e-01 5.567963821484904763e-01 3.816759134140103038e-01 2.919351207770767842e-01 2.373524121681276911e-01
1.667477533881340719e+02 7.601592160471958293e-01 5.753272090959133944e-01 3.900142749745146298e-01 2.967481188231259059e-01 2.405919118394785894e-01
1.746063328960663057e+02 7.944720600166784719e-01 5.935764486218546576e-01 3.982271389365636405e-01 3.014498772672055682e-01 2.437739276481910577e-01
1.828352758459499228e+02 8.295368236181903665e-01 6.122007707113107378e-01 4.062968854573303368e-01 3.060570471916541080e-01 2.468829586768251372e-01
1.914520369290552537e+02 8.650755497835674879e-01 6.305932492702869263e-01 4.142161261394438077e-01 3.105509877491903215e-01 2.499171898599018005e-01
2.004748934509088372e+02 9.011901094432400727e-01 6.489681881186819545e-01 4.219582080998316442e-01 3.149351917245647448e-01 2.528845906509515351e-01
2.099229840999089731e+02 9.375099579819652362e-01 6.672184469607999047e-01 4.295566703521621066e-01 3.191989218031828224e-01 2.558181072111473942e-01
2.198163495430497676e+02 9.744774610468834863e-01 6.852916931977747206e-01 4.369323032660559214e-01 3.233881260349818487e-01 2.586843234671085123e-01
2.301759749348627224e+02 1.011754268114900102e+00 7.033948067015592942e-01 4.441176832440981714e-01 3.274698503275546013e-01 2.615074257978923788e-01
2.410238344297430615e+02 1.049244026640152150e+00 7.212846022743140129e-01 4.511438645107654910e-01 3.314508491412500590e-01 2.642835286785711335e-01
2.523829377920772572e+02 1.086624116035019627e+00 7.389181302472320745e-01 4.579412368343547257e-01 3.353346175857391254e-01 2.670118610412023363e-01
2.642773792030383788e+02 1.124363927022524301e+00 7.562623316599401679e-01 4.645506407533652182e-01 3.391339811710712415e-01 2.697175803234056479e-01
2.767323883675745719e+02 1.161871795064129298e+00 7.732297969884837086e-01 4.709451974445550415e-01 3.428397260649332923e-01 2.723882741226413273e-01
2.897743840299960425e+02 1.199157799843862504e+00 7.899074375168001483e-01 4.771723997896825109e-01 3.464616706216580022e-01 2.750315378600233229e-01
3.034310300116734993e+02 1.236119492552447019e+00 8.061087232733498142e-01 4.832007325921896523e-01 3.500110941724312030e-01 2.776457312578198833e-01
3.177312938897126173e+02 1.272591216727710695e+00 8.218250946580750727e-01 4.890544143363123597e-01 3.535160216303869229e-01 2.802507651280642942e-01
3.327055084410684458e+02 1.308414121645053108e+00 8.370135453938289949e-01 4.947065610591510620e-01 3.569652041606610759e-01 2.828390952076135223e-01
3.483854359824322842e+02 1.343593537751792466e+00 8.516243649263686155e-01 5.001921598085784515e-01 3.603487689577710151e-01 2.854196602760350476e-01
3.648043357423639463e+02 1.377708050952769270e+00 8.656303835259385737e-01 5.055058560291120218e-01 3.636921261739841094e-01 2.879843268442487947e-01
3.819970344085740521e+02 1.410612074420018125e+00 8.789958932343524545e-01 5.106454294522998483e-01 3.670011680122772235e-01 2.905672342596483104e-01
4.000000000000001137e+02 1.442308856577056986e+00 8.917093618759177609e-01 5.156429551990600046e-01 3.702506547879445553e-01 2.931511116959997221e-01
4.188514192203595030e+02 1.472527537258271568e+00 9.037782415354826959e-01 5.205062605762793559e-01 3.734831433458087879e-01 2.957256899769095115e-01
4.385912784572741430e+02 1.500907727959089222e+00 9.151704017710690087e-01 5.252615652430806525e-01 3.766942570661799272e-01 2.983001739814403197e-01
4.592614485987527928e+02 1.527408668971886874e+00 9.259220768087139675e-01 5.298895711172043610e-01 3.798945609469848717e-01 3.009139755917784043e-01
4.809057738469653600e+02 1.551709756624519931e+00 9.360432666313465155e-01 5.344122383613570948e-01 3.830847535465037867e-01 3.035390108021053801e-01
5.035701647176666143e+02 1.573672340632498390e+00 9.455384388946972418e-01 5.388261453881432184e-01 3.862554565135300488e-01 3.061958531197760958e-01
5.273026954225631471e+02 1.593318826967250912e+00 9.544001870488373340e-01 5.431805412962583679e-01 3.894131121732717360e-01 3.088715452371945114e-01
5.521537058411536236e+02 1.610421780943108061e+00 9.626814379331493088e-01 5.474592514529946774e-01 3.925849298504078266e-01 3.115583754106648895e-01
5.781759082983708140e+02 1.625021862367377778e+00 9.704240616233779093e-01 5.516424346296949777e-01 3.957647088618473918e-01 3.142827076474085657e-01
6.054244993744830481e+02 1.637177118128912756e+00 9.776257879341895274e-01 5.557626997705232830e-01 3.989535521872410451e-01 3.170445087431811304e-01
6.339572769844452296e+02 1.646996693381367560e+00 9.843516288792988345e-01 5.598448690370161351e-01 4.021517802966128041e-01 3.198412330837974715e-01
6.638347629750240912e+02 1.654630827004337945e+00 9.906465998135215445e-01 5.638658703174493914e-01 4.053774221153221835e-01 3.226720144690897185e-01
6.951203314997500229e+02 1.660181266421259849e+00 9.965391559506823205e-01 5.678515274767056420e-01 4.086252821358877796e-01 3.255301926873943041e-01
7.278803434439931834e+02 1.663758536248599373e+00 1.002088649052981895e+00 5.718046206498762496e-01 4.119096413011062996e-01 3.284291728366465768e-01
7.621842871852987855e+02 1.665709252234552018e+00 1.007304250841894566e+00 5.757272391263821287e-01 4.152218203288020049e-01 3.313653922818197706e-01
7.981049259875517237e+02 1.666226161505634185e+00 1.012135953485235440e+00 5.796308068042819173e-01 4.185649634333357683e-01 3.343150654387307963e-01
8.357184523416157163e+02 1.665623609205158617e+00 1.016700525794949295e+00 5.835233570663037606e-01 4.219287099277727049e-01 3.373251638599973345e-01
8.751046495798209435e+02 1.664024802176812923e+00 1.020965492368046235e+00 5.874153606575047704e-01 4.253211508126502061e-01 3.403424906115163351e-01
9.163470611071091980e+02 1.661539188175482407e+00 1.025014192457223361e+00 5.913116856509986752e-01 4.287568024363080932e-01 3.433776207456037399e-01
9.595331676077962584e+02 1.658282879525584175e+00 1.028872367832053270e+00 5.952062269017461826e-01 4.321994292352578926e-01 3.464471966268841685e-01
1.004754572603832116e+03 1.654392223194926625e+00 1.032525574677924496e+00 5.991091206977953165e-01 4.356857090244292685e-01 3.495357944891938073e-01
1.052107196758152895e+03 1.650069554730663857e+00 1.035988638096290160e+00 6.030083280543351298e-01 4.392000269513507416e-01 3.526202765264217498e-01
1.101691481335265507e+03 1.645376734220569404e+00 1.039292616319930085e+00 6.069217503063792929e-01 4.427484021836680661e-01 3.557274451078249466e-01
1.153612601250642683e+03 1.640417710652271710e+00 1.042448509196236328e+00 6.108736847442962636e-01 4.463092751685199255e-01 3.588192217007835638e-01
1.207980688160805585e+03 1.635252375170025196e+00 1.045465012303921748e+00 6.148302427663301373e-01 4.498829029211690589e-01 3.619153671149257789e-01
1.264911064067352072e+03 1.629963503123668556e+00 1.048359472301656936e+00 6.187820726445741881e-01 4.534605928738571490e-01 3.650012956957450205e-01
1.324524485930363426e+03 1.624603736914370655e+00 1.051121003868100257e+00 6.227313653319234144e-01 4.570460198173588728e-01 3.680737028779814124e-01
1.386947401810127076e+03 1.619168116796477097e+00 1.053749465533095231e+00 6.267054210754814392e-01 4.606382871308407623e-01 3.711058880014095895e-01
1.452312219080404475e+03 1.613719570894510680e+00 1.056280611115096857e+00 6.306771563615712894e-01 4.642124698487535839e-01 3.740991923729684032e-01
1.520757585282245373e+03 1.608213187477913308e+00 1.058679735477919825e+00 6.346518531328838586e-01 4.677797299020295951e-01 3.770482319749580147e-01
1.592428682213988168e+03 1.602680564546059561e+00 1.060993368493625244e+00 6.386216701484075386e-01 4.713042146016123146e-01 3.799452231914133282e-01
1.667477533881342424e+03 1.597138296183739259e+00 1.063214188662625181e+00 6.425785873424062489e-01 4.747949775845622389e-01 3.827870163237074297e-01
1.746063328960663057e+03 1.591601382996591596e+00 1.065325820572685878e+00 6.464997306802965360e-01 4.782401257653958182e-01 3.855634594548262850e-01
1.828352758459501274e+03 1.586006384274885495e+00 1.067342219354348032e+00 6.503866209419206790e-01 4.816193867509456217e-01 3.882692139183926971e-01
1.914520369290552708e+03 1.580408078323450649e+00 1.069225711629865128e+00 6.542426247906792947e-01 4.849209837050443284e-01 3.909049783670771605e-01
2.004748934509088485e+03 1.574815425747530861e+00 1.071043012837763486e+00 6.580558180951490144e-01 4.881481124933284566e-01 3.934525786111300327e-01
2.099229840999089902e+03 1.569206348336021684e+00 1.072771285480760506e+00 6.618057438559836747e-01 4.912935540950707503e-01 3.959166126072297121e-01
2.198163495430497733e+03 1.563533793816626272e+00 1.074455920879758830e+00 6.654854041102971074e-01 4.943385513764229633e-01 3.982885680791334870e-01
2.301759749348627338e+03 1.557754834745462613e+00 1.075981679561238247e+00 6.690982035212194035e-01 4.972837880034072233e-01 4.005634237304068757e-01
2.410238344297430558e+03 1.551899740671936367e+00 1.077394138910531263e+00 6.726123560430056214e-01 5.001160737236749476e-01 4.027353294108929616e-01
2.523829377920772458e+03 1.545934672839040180e+00 1.078656965367002174e+00 6.760098214647305426e-01 5.028330906492564090e-01 4.048100172078094583e-01
2.642773792030383902e+03 1.539941977760465042e+00 1.079797754622760619e+00 6.792743420892176642e-01 5.054215132144812550e-01 4.067777089249547950e-01
2.767323883675745947e+03 1.533832006129688619e+00 1.080805919799554982e+00 6.823991548457774003e-01 5.078894638042669163e-01 4.086285831327408635e-01
2.897743840299960084e+03 1.527557612933164277e+00 1.081685827961508473e+00 6.853603382923397769e-01 5.102236638825805581e-01 4.103691127642302150e-01
3.034310300116735107e+03 1.521193838700942269e+00 1.082417542116891118e+00 6.881579040173159134e-01 5.124169950252068784e-01 4.120030310454886879e-01
3.177312938897126060e+03 1.514622577416302907e+00 1.082992672469441642e+00 6.907940036328085176e-01 5.144726803894041911e-01 4.135226248067134236e-01
3.327055084410684231e+03 1.507801595931226313e+00 1.083344686462792916e+00 6.932450704411616815e-01 5.163593389370986220e-01 4.149237076710921568e-01
3.483854359824319545e+03 1.500686348435679385e+00 1.083511081593878211e+00 6.955118491469983733e-01 5.181023075646957743e-01 4.162159417101179981e-01
3.648043357423639463e+03 1.493372723801186686e+00 1.083467462454720032e+00 6.975735110518724857e-01 5.196903273572102133e-01 4.173934001440657848e-01
3.819970344085740635e+03 1.485895945185560452e+00 1.083199158407262663e+00 6.994454831012140161e-01 5.210922694475561556e-01 4.184568135719707316e-01
4.000000000000000909e+03 1.478192872875772945e+00 1.082702684279303496e+00 7.010729766776554461e-01 5.223537103810323989e-01 4.193821901881198966e-01
4.188514192203595485e+03 1.470190142450077397e+00 1.081998447671660424e+00 7.024944224727466269e-01 5.234496706693838597e-01 4.202178204717258447e-01
4.385912784572741657e+03 1.461940217580692813e+00 1.081037479415200453e+00 7.036871072449784048e-01 5.243807259502074603e-01 4.209541491497881815e-01
