# Fig. 1f, outlet temperatures
# 0. flow rate ratio, 1. 5 L/h feed temperature (degC), 2. 10 L/h feed temperature (degC), 3. 20 L/h feed temperature (degC), 4. 30 L/h feed temperature (degC), 5. 40 L/h feed temperature (degC)
3.999999999999999289e+01 3.261828045410049981e+01 3.086829623677073187e+01 2.961545958184240135e+01 2.884371780317997036e+01 2.821313015898687127e+01
4.188514192203597020e+01 3.285641188594331652e+01 3.110761061814531558e+01 2.981639446545472083e+01 2.899794402595148313e+01 2.833384658517201160e+01
4.385912784572739298e+01 3.311600073455497295e+01 3.135333795476606156e+01 3.001307075464592344e+01 2.914914808099763377e+01 2.844896351892435860e+01
4.592614485987530770e+01 3.336391519692773500e+01 3.159711222049412527e+01 3.021034117596099122e+01 2.930075826220786439e+01 2.856668232942098484e+01
4.809057738469650900e+01 3.362073615758976075e+01 3.184076468935387538e+01 3.040850596758980373e+01 2.945030261884511447e+01 2.868425572394983192e+01
5.035701647176668416e+01 3.389298046393810182e+01 3.209838786713982017e+01 3.060959095910556016e+01 2.959880153258995961e+01 2.879929932242828272e+01
5.273026954225625929e+01 3.416936691598766629e+01 3.236142552063961375e+01 3.080350261968760606e+01 2.974476818986858007e+01 2.890803505606703538e+01
5.521537058411536947e+01 3.445440358623926613e+01 3.263118682981058782e+01 3.100308257660589106e+01 2.988839274485388842e+01 2.901924263113664892e+01
5.781759082983707287e+01 3.474267550730093035e+01 3.290180026522438084e+01 3.120141374069783069e+01 3.003153614522949511e+01 2.912176301525278177e+01
6.054244993744830339e+01 3.504519563042003938e+01 3.317743156322455889e+01 3.139642527432397401e+01 3.017277913227309227e+01 2.923113342730079012e+01
6.339572769844451727e+01 3.534475381283618844e+01 3.345489722534540533e+01 3.159173000673035858e+01 3.031147810281214561e+01 2.932576884676768714e+01
6.638347629750241197e+01 3.566280364508844514e+01 3.373189010909328545e+01 3.178506466782914686e+01 3.044066543182299256e+01 2.941992730733238659e+01
6.951203314997499660e+01 3.599440429959804533e+01 3.401454852515274752e+01 3.197080956754626868e+01 3.057526438022551929e+01 2.951421054192479687e+01
7.278803434439932118e+01 3.633311522833116669e+01 3.430262918084781631e+01 3.215745988380223253e+01 3.070230882534906414e+01 2.960365764049726067e+01
7.621842871852987855e+01 3.666573421305486136e+01 3.458934893638684116e+01 3.234567244306816747e+01 3.083010748240792509e+01 2.969454113405720364e+01
7.981049259875517521e+01 3.701320458687729342e+01 3.487677504365416326e+01 3.252824651441994774e+01 3.095577262756387427e+01 2.978092158404353995e+01
8.357184523416157163e+01 3.737171320905463290e+01 3.516773947599955363e+01 3.271138190621354624e+01 3.106755429513231093e+01 2.986261832566458452e+01
8.751046495798209435e+01 3.773276616597149768e+01 3.545532170059459531e+01 3.289060527252985366e+01 3.117875111517594178e+01 2.994242234246473799e+01
9.163470611071092264e+01 3.810391886478288370e+01 3.574469866796027873e+01 3.305419643325450352e+01 3.129282763593727168e+01 3.001841311492819386e+01
9.595331676077961447e+01 3.847841563508404761e+01 3.603475321410610377e+01 3.322455680849753890e+01 3.140180651606510764e+01 3.009277189322989443e+01
1.004754572603832088e+02 3.885423866269786686e+01 3.631911820691493631e+01 3.339272126678554287e+01 3.150810134373375604e+01 3.016444427028477548e+01
1.052107196758152838e+02 3.924005675929714698e+01 3.660705344850146048e+01 3.355532184022018782e+01 3.160925937118611273e+01 3.023421290584866483e+01
1.101691481335266758e+02 3.963011073304625143e+01 3.688867215120507126e+01 3.371914970396255740e+01 3.170796584393127659e+01 3.030107927308426952e+01
1.153612601250642626e+02 4.001585537337297183e+01 3.716876765387991099e+01 3.387099157289543427e+01 3.180207185079166265e+01 3.036610652244416997e+01
1.207980688160805585e+02 4.040837212226762176e+01 3.744466040270856411e+01 3.402186696458602455e+01 3.189388546063128160e+01 3.042891308422434804e+01
1.264911064067352129e+02 4.079936494624541865e+01 3.771799398071857468e+01 3.416682032212918330e+01 3.198282211449594570e+01 3.048985571759988034e+01
1.324524485930363369e+02 4.119410262846304249e+01 3.799106369748426459e+01 3.431040988362076405e+01 3.206797807610058726e+01 3.054918389078045493e+01
1.386947401810126905e+02 4.158351762513336780e+01 3.825902042843853224e+01 3.444677357682661523e+01 3.215043792175470116e+01 3.060751475885979289e+01
1.452312219080404532e+02 4.197601001443814539e+01 3.851556208556775118e+01 3.458099620024279375e+01 3.222971734887590856e+01 3.066392340620171808e+01
1.520757585282243838e+02 4.236421564494133918e+01 3.877496635981862028e+01 3.471068027184622906e+01 3.230679472850465572e+01 3.071936661682019576e+01
1.592428682213988225e+02 4.275203176945279893e+01 3.902645459947586914e+01 3.483614157260490174e+01 3.238058330842864052e+01 3.077444597559320982e+01
1.667477533881340719e+02 4.313429933187734377e+01 3.927385892622157826e+01 3.495647408716808968e+01 3.245215008398167811e+01 3.082951813797330942e+01
1.746063328960663057e+02 4.351194418022697619e+01 3.951083632678523827e+01 3.507309277212652887e+01 3.252211248457706461e+01 3.088396423597299645e+01
1.828352758459499228e+02 4.388499327109190062e+01 3.974988504182732640e+01 3.518504888003428732e+01 3.259018113073256018e+01 3.093803687303352490e+01
1.914520369290552537e+02 4.425343902916853267e+01 3.997638332636461200e+01 3.529294983524300733e+01 3.265580297714973312e+01 3.099264706594482277e+01
2.004748934509088372e+02 4.461378967513871885e+01 4.020210691016131932e+01 3.539587798821116849e+01 3.272059507244358656e+01 3.104764572190100580e+01
2.099229840999089731e+02 4.496429479555496300e+01 4.041999822846827328e+01 3.549545768160942316e+01 3.278480104916081928e+01 3.110269621075934765e+01
2.198163495430497676e+02 4.531163323143618982e+01 4.063146620042829227e+01 3.558965435478370409e+01 3.284817827613534291e+01 3.115877564720483406e+01
2.301759749348627224e+02 4.565064428866594426e+01 4.083667487344678193e+01 3.568125253423420418e+01 3.291081366229707328e+01 3.121598323344710479e+01
2.410238344297430615e+02 4.598120759863769536e+01 4.103522072405081644e+01 3.576932696997806715e+01 3.297359746222912236e+01 3.127425003403993742e+01
2.523829377920772572e+02 4.630461838117122397e+01 4.122525271803709757e+01 3.585350558177447056e+01 3.303580166031815679e+01 3.133419317110735847e+01
2.642773792030383788e+02 4.661746222831339992e+01 4.140848376352442983e+01 3.593562831388027234e+01 3.309851853644545372e+01 3.139491600157163020e+01
2.767323883675745719e+02 4.691888609955486800e+01 4.158397540768226008e+01 3.601513770846588613e+01 3.316162365022603353e+01 3.145714854958265505e+01
2.897743840299960425e+02 4.721240861064052297e+01 4.175209896328408377e+01 3.609243973645101278e+01 3.322539904184640136e+01 3.152093722416276478e+01
3.034310300116734993e+02 4.749413438676077703e+01 4.191062262092248147e+01 3.616812594231140565e+01 3.329057968283649416e+01 3.158633976539670130e+01
3.177312938897126173e+02 4.776476378293773450e+01 4.206088970355250467e+01 3.624241297328904921e+01 3.335663547754035108e+01 3.165405250721750008e+01
3.327055084410684458e+02 4.802330481251397032e+01 4.220215599533543127e+01 3.631515434763866779e+01 3.342340675636023661e+01 3.172266241549806409e+01
3.483854359824322842e+02 4.826951806590835758e+01 4.233415993907311758e+01 3.638721932231527489e+01 3.349221051926627979e+01 3.179374208061784657e+01
3.648043357423639463e+02 4.850079345466696168e+01 4.245739319161776848e+01 3.645867211676124953e+01 3.356238379892209878e+01 3.186673751499591845e+01
3.819970344085740521e+02 4.871579385002792151e+01 4.257189355116167917e+01 3.653004449145470289e+01 3.363392003925349627e+01 3.194185335500282008e+01
4.000000000000001137e+02 4.891541104143107077e+01 4.267755409602381178e+01 3.660132727564609922e+01 3.370695410230734979e+01 3.201799513643942419e+01
4.188514192203595030e+02 4.909740189788459475e+01 4.277586609073762247e+01 3.667344671852094962e+01 3.378218066701623457e+01 3.209627338471591429e+01
4.385912784572741430e+02 4.925979973480713170e+01 4.286663546276662373e+01 3.674543736459082766e+01 3.385961250844633241e+01 3.217637585272865408e+01
4.592614485987527928e+02 4.940281637486577893e+01 4.295062615413945650e+01 3.681862713603567272e+01 3.393871711232071675e+01 3.225880654889425614e+01
4.809057738469653600e+02 4.952312346196117687e+01 4.302782354188514091e+01 3.689304452199814932e+01 3.401966035765497054e+01 3.234303175397354835e+01
5.035701647176666143e+02 4.962220483470724730e+01 4.310001187437455883e+01 3.696870049493139732e+01 3.410235386460152540e+01 3.242900273537503608e+01
5.273026954225631471e+02 4.969951068290134799e+01 4.316676933622585466e+01 3.704606980007753236e+01 3.418707532475679045e+01 3.251615482339616392e+01
5.521537058411536236e+02 4.975439150904975349e+01 4.322903952098818081e+01 3.712494538713525571e+01 3.427401890775212223e+01 3.260475876928376238e+01
5.781759082983708140e+02 4.978819581975682240e+01 4.328753796168882673e+01 3.720488519531795646e+01 3.436268771535560518e+01 3.269534551280901269e+01
6.054244993744830481e+02 4.980216074647876212e+01 4.334288185055032727e+01 3.728676360200682893e+01 3.445313355024211432e+01 3.278732750268522977e+01
6.339572769844452296e+02 4.979833785133570245e+01 4.339589925609732290e+01 3.737079080039364953e+01 3.454547622229773651e+01 3.288077843309156378e+01
6.638347629750240912e+02 4.977846669176818750e+01 4.344712651098558354e+01 3.745647248126812201e+01 3.463965104455218125e+01 3.297537837069961597e+01
6.951203314997500229e+02 4.974431219648607794e+01 4.349716621539636208e+01 3.754404851216531824e+01 3.473542153160025237e+01 3.307094295760470004e+01
7.278803434439931834e+02 4.969754192920333935e+01 4.354668387607836166e+01 3.763354018878118268e+01 3.483278551556566072e+01 3.316767645672155140e+01
7.621842871852987855e+02 4.964138122189172009e+01 4.359593331449161724e+01 3.772484604193101632e+01 3.493149908193061037e+01 3.326528380544669972e+01
7.981049259875517237e+02 4.957772006921788943e+01 4.364467856646683686e+01 3.781810099980032192e+01 3.503149510027606084e+01 3.336318425208293093e+01
8.357184523416157163e+02 4.950978276865436101e+01 4.369420828066290596e+01 3.791315558281706899e+01 3.513264470842329956e+01 3.346234398907472496e+01
8.751046495798209435e+02 4.943811839009759979e+01 4.374384531723103464e+01 3.801004169211586259e+01 3.523482662000213850e+01 3.356140803900382252e+01
9.163470611071091980e+02 4.936462537356612756e+01 4.379476788368498319e+01 3.810846901494392114e+01 3.533839310771054443e+01 3.366084651552773721e+01
9.595331676077962584e+02 4.928977000460844238e+01 4.384729157346015427e+01 3.820835697104570272e+01 3.544241690084220409e+01 3.376044531167843843e+01
1.004754572603832116e+03 4.921463826232439942e+01 4.390104185942027470e+01 3.830970695018874039e+01 3.554723746788096150e+01 3.386021919058168805e+01
1.052107196758152895e+03 4.914112895403104631e+01 4.395623681735355603e+01 3.841200860569495035e+01 3.565242709535846188e+01 3.395963319209363362e+01
1.101691481335265507e+03 4.906980186031671565e+01 4.401320257077389897e+01 3.851564960457034204e+01 3.575807484259473767e+01 3.405888601953063244e+01
1.153612601250642683e+03 4.900137041441729480e+01 4.407190022811988683e+01 3.862087709465839680e+01 3.586383225812261344e+01 3.415750834286467352e+01
1.207980688160805585e+03 4.893626706225177259e+01 4.413235825565561754e+01 3.872707265689246015e+01 3.596956594542825769e+01 3.425567962614934459e+01
1.264911064067352072e+03 4.887511389178649779e+01 4.419424031063607572e+01 3.883364344061516249e+01 3.607510718657522375e+01 3.435320314366521188e+01
1.324524485930363426e+03 4.881793582646088225e+01 4.425792347283629624e+01 3.894079130348933404e+01 3.618036401503962907e+01 3.444994596040027091e+01
1.386947401810127076e+03 4.876473956292619505e+01 4.432284287009940726e+01 3.904830892772116613e+01 3.628521645157746889e+01 3.454551894306530357e+01
1.452312219080404475e+03 4.871606906215754407e+01 4.438929599083189714e+01 3.915578913276533513e+01 3.638927124195140550e+01 3.463992256821018145e+01
1.520757585282245373e+03 4.867164074959936215e+01 4.445692765071567010e+01 3.926340254839698218e+01 3.649270157563427119e+01 3.473313821918907252e+01
1.592428682213988168e+03 4.863124135878342713e+01 4.452593668030760909e+01 3.937091609440949469e+01 3.659500154577517606e+01 3.482491626537165530e+01
1.667477533881342424e+03 4.859483730377309030e+01 4.459594866172039929e+01 3.947808529568368385e+01 3.669628768056827539e+01 3.491545160582995777e+01
1.746063328960663057e+03 4.856258841681727745e+01 4.466710772983685729e+01 3.958463516661362291e+01 3.679641503224792132e+01 3.500450080888123239e+01
1.828352758459501274e+03 4.853396947604778688e+01 4.473897942665092842e+01 3.969033618729304180e+01 3.689504637869998760e+01 3.509203094887936913e+01
1.914520369290552708e+03 4.850913091535056765e+01 4.481146663333015567e+01 3.979509483569898975e+01 3.699199376886218715e+01 3.517812896299648173e+01
2.004748934509088485e+03 4.848788632126888842e+01 4.488432333690337828e+01 3.989886537126739086e+01 3.708733849729793519e+01 3.526255523777501821e+01
2.099229840999089902e+03 4.847031011964332947e+01 4.495734126594294366e+01 4.000145122466125258e+01 3.718120925344771877e+01 3.534537187152966453e+01
2.198163495430497733e+03 4.845611836652778948e+01 4.503024407391649220e+01 4.010270688401698180e+01 3.727304393693157181e+01 3.542656408542558211e+01
2.301759749348627338e+03 4.844488760623357848e+01 4.510278818335712003e+01 4.020264367540335115e+01 3.736334019768327153e+01 3.550606833401025142e+01
2.410238344297430558e+03 4.843644561196390441e+01 4.517505610927298676e+01 4.030085965899752409e+01 3.745153293466626110e+01 3.558386957509884496e+01
2.523829377920772458e+03 4.843018574063012238e+01 4.524683519129928300e+01 4.039722885801239727e+01 3.753806235676415781e+01 3.566016070442844921e+01
2.642773792030383902e+03 4.842589489821978077e+01 4.531798834765572792e+01 4.049147629987453456e+01 3.762259569437895834e+01 3.573482982702086019e+01
2.767323883675745947e+03 4.842270625321248190e+01 4.538836783746552328e+01 4.058357515282210670e+01 3.770526734338761798e+01 3.580776606383699345e+01
2.897743840299960084e+03 4.842092831218428728e+01 4.545764576149855429e+01 4.067344189668233412e+01 3.778607322314508110e+01 3.587913752155515112e+01
3.034310300116735107e+03 4.842013349658731158e+01 4.552560037825344352e+01 4.076111066300637731e+01 3.786495339586343789e+01 3.594903262833753388e+01
3.177312938897126060e+03 4.842126413975034893e+01 4.559244133118897935e+01 4.084668721395451030e+01 3.794199788736051460e+01 3.601738570523133376e+01
3.327055084410684231e+03 4.842325860587578745e+01 4.565730606955361282e+01 4.092991891818309114e+01 3.801688181914448705e+01 3.608421456282371764e+01
3.483854359824319545e+03 4.842577538235769907e+01 4.572061906802292697e+01 4.101096854530442215e+01 3.808998446083222689e+01 3.614967377643665714e+01
3.648043357423639463e+03 4.842865435967331678e+01 4.578210666808064389e+01 4.108961400908049200e+01 3.816122910265562496e+01 3.621373526666587850e+01
3.819970344085740635e+03 4.843184851273332470e+01 4.584154733588241015e+01 4.116621070785333814e+01 3.823034470628408599e+01 3.627648499980642782e+01
4.000000000000000909e+03 4.843563586750013883e+01 4.589905251551169840e+01 4.124012394041494645e+01 3.829790937244945326e+01 3.633765249105869088e+01
4.188514192203595485e+03 4.843939327406133089e+01 4.595459866465319010e+01 4.131192529945718661e+01 3.836370346106753004e+01 3.639785624913542961e+01
4.385912784572741657e+03 4.844353171073811382e+01 4.600788069824380955e+01 4.138144246162704576e+01 3.842777259288453706e+01 3.645711379981531763e+01
