# Fig. 1g, inlet temperatures
# 0. flow rate ratio, 1. 5 L/h feed temperature (degC), 2. 10 L/h feed temperature (degC), 3. 20 L/h feed temperature (degC), 4. 30 L/h feed temperature (degC), 5. 40 L/h feed temperature (degC)
3.999999999999999289e+01 6.999999999999988631e+01 6.999999999999988631e+01 6.999999999999988631e+01 6.999999999999988631e+01 6.999999999999988631e+01
4.188514192203597020e+01 6.999999999999988631e+01 6.999999999999988631e+01 6.999999999999988631e+01 6.999999999999988631e+01 6.999999999999988631e+01
4.385912784572739298e+01 6.999999999999988631e+01 6.999999999999988631e+01 6.999999999999988631e+01 6.999999999999988631e+01 6.999999999999988631e+01
4.592614485987530770e+01 6.999999999999988631e+01 6.999999999999988631e+01 6.999999999999988631e+01 6.999999999999988631e+01 6.999999999999988631e+01
4.809057738469650900e+01 6.999999999999988631e+01 6.999999999999988631e+01 6.999999999999988631e+01 6.999999999999988631e+01 6.999999999999988631e+01
5.035701647176668416e+01 6.999999999999988631e+01 6.999999999999988631e+01 6.999999999999988631e+01 6.999999999999988631e+01 6.999999999999988631e+01
5.273026954225625929e+01 6.999999999999988631e+01 6.999999999999988631e+01 6.999999999999988631e+01 6.999999999999988631e+01 6.999999999999988631e+01
5.521537058411536947e+01 6.999999999999988631e+01 6.999999999999988631e+01 6.999999999999988631e+01 6.999999999999988631e+01 6.999999999999988631e+01
5.781759082983707287e+01 6.999999999999988631e+01 6.999999999999988631e+01 6.999999999999988631e+01 6.999999999999988631e+01 6.999999999999988631e+01
6.054244993744830339e+01 6.999999999999988631e+01 6.999999999999988631e+01 6.999999999999988631e+01 6.999999999999988631e+01 6.999999999999988631e+01
6.339572769844451727e+01 6.999999999999988631e+01 6.999999999999988631e+01 6.999999999999988631e+01 6.999999999999988631e+01 6.999999999999988631e+01
6.638347629750241197e+01 6.999999999999988631e+01 6.999999999999988631e+01 6.999999999999988631e+01 6.999999999999988631e+01 6.999999999999988631e+01
6.951203314997499660e+01 6.999999999999988631e+01 6.999999999999988631e+01 6.999999999999988631e+01 6.999999999999988631e+01 6.999999999999988631e+01
7.278803434439932118e+01 6.999999999999988631e+01 6.999999999999988631e+01 6.999999999999988631e+01 6.999999999999988631e+01 6.999999999999988631e+01
7.621842871852987855e+01 6.999999999999988631e+01 6.999999999999988631e+01 6.999999999999988631e+01 6.999999999999988631e+01 6.999999999999988631e+01
7.981049259875517521e+01 6.999999999999988631e+01 6.999999999999988631e+01 6.999999999999988631e+01 6.999999999999988631e+01 6.999999999999988631e+01
8.357184523416157163e+01 6.999999999999988631e+01 6.999999999999988631e+01 6.999999999999988631e+01 6.999999999999988631e+01 6.999999999999988631e+01
8.751046495798209435e+01 6.999999999999988631e+01 6.999999999999988631e+01 6.999999999999988631e+01 6.999999999999988631e+01 6.999999999999988631e+01
9.163470611071092264e+01 6.999999999999988631e+01 6.999999999999988631e+01 6.999999999999988631e+01 6.999999999999988631e+01 6.999999999999988631e+01
9.595331676077961447e+01 6.999999999999988631e+01 6.999999999999988631e+01 6.999999999999988631e+01 6.999999999999988631e+01 6.999999999999988631e+01
1.004754572603832088e+02 6.999999999999988631e+01 6.999999999999988631e+01 6.999999999999988631e+01 6.999999999999988631e+01 6.999999999999988631e+01
1.052107196758152838e+02 6.999999999999988631e+01 6.999999999999988631e+01 6.999999999999988631e+01 6.999999999999988631e+01 6.999999999999988631e+01
1.101691481335266758e+02 6.999999999999988631e+01 6.999999999999988631e+01 6.999999999999988631e+01 6.999999999999988631e+01 6.999999999999988631e+01
1.153612601250642626e+02 6.999999999999988631e+01 6.999999999999988631e+01 6.999999999999988631e+01 6.999999999999988631e+01 6.999999999999988631e+01
1.207980688160805585e+02 6.999999999999988631e+01 6.999999999999988631e+01 6.999999999999988631e+01 6.999999999999988631e+01 6.999999999999988631e+01
1.264911064067352129e+02 6.999999999999988631e+01 6.999999999999988631e+01 6.999999999999988631e+01 6.999999999999988631e+01 6.999999999999988631e+01
1.324524485930363369e+02 6.999999999999988631e+01 6.999999999999988631e+01 6.999999999999988631e+01 6.999999999999988631e+01 6.999999999999988631e+01
1.386947401810126905e+02 6.999999999999988631e+01 6.999999999999988631e+01 6.999999999999988631e+01 6.999999999999988631e+01 6.999999999999988631e+01
1.452312219080404532e+02 6.999999999999988631e+01 6.999999999999988631e+01 6.999999999999988631e+01 6.999999999999988631e+01 6.999999999999988631e+01
1.520757585282243838e+02 6.999999999999988631e+01 6.999999999999988631e+01 6.999999999999988631e+01 6.999999999999988631e+01 6.999999999999988631e+01
1.592428682213988225e+02 6.999999999999988631e+01 6.999999999999988631e+01 6.999999999999988631e+01 6.999999999999988631e+01 6.999999999999988631e+01
1.667477533881340719e+02 6.999999999999988631e+01 6.999999999999988631e+01 6.999999999999988631e+01 6.999999999999988631e+01 6.999999999999988631e+01
1.746063328960663057e+02 6.999999999999988631e+01 6.999999999999988631e+01 6.999999999999988631e+01 6.999999999999988631e+01 6.999999999999988631e+01
1.828352758459499228e+02 6.999999999999988631e+01 6.999999999999988631e+01 6.999999999999988631e+01 6.999999999999988631e+01 6.999999999999988631e+01
1.914520369290552537e+02 6.999999999999988631e+01 6.999999999999988631e+01 6.999999999999988631e+01 6.999999999999988631e+01 6.999999999999988631e+01
2.004748934509088372e+02 6.999999999999988631e+01 6.999999999999988631e+01 6.999999999999988631e+01 6.999999999999988631e+01 6.999999999999988631e+01
2.099229840999089731e+02 6.999999999999988631e+01 6.999999999999988631e+01 6.999999999999988631e+01 6.999999999999988631e+01 6.999999999999988631e+01
2.198163495430497676e+02 6.999999999999988631e+01 6.999999999999988631e+01 6.999999999999988631e+01 6.999999999999988631e+01 6.999999999999988631e+01
2.301759749348627224e+02 6.999999999999988631e+01 6.999999999999988631e+01 6.999999999999988631e+01 6.999999999999988631e+01 6.999999999999988631e+01
2.410238344297430615e+02 6.999999999999988631e+01 6.999999999999988631e+01 6.999999999999988631e+01 6.999999999999988631e+01 6.999999999999988631e+01
2.523829377920772572e+02 6.999999999999988631e+01 6.999999999999988631e+01 6.999999999999988631e+01 6.999999999999988631e+01 6.999999999999988631e+01
2.642773792030383788e+02 6.999999999999988631e+01 6.999999999999988631e+01 6.999999999999988631e+01 6.999999999999988631e+01 6.999999999999988631e+01
2.767323883675745719e+02 6.999999999999988631e+01 6.999999999999988631e+01 6.999999999999988631e+01 6.999999999999988631e+01 6.999999999999988631e+01
2.897743840299960425e+02 6.999999999999988631e+01 6.999999999999988631e+01 6.999999999999988631e+01 6.999999999999988631e+01 6.999999999999988631e+01
3.034310300116734993e+02 6.999999999999988631e+01 6.999999999999988631e+01 6.999999999999988631e+01 6.999999999999988631e+01 6.999999999999988631e+01
3.177312938897126173e+02 6.999999999999988631e+01 6.999999999999988631e+01 6.999999999999988631e+01 6.999999999999988631e+01 6.999999999999988631e+01
3.327055084410684458e+02 6.999999999999988631e+01 6.999999999999988631e+01 6.999999999999988631e+01 6.999999999999988631e+01 6.999999999999988631e+01
3.483854359824322842e+02 6.999999999999988631e+01 6.999999999999988631e+01 6.999999999999988631e+01 6.999999999999988631e+01 6.999999999999988631e+01
3.648043357423639463e+02 6.999999999999988631e+01 6.999999999999988631e+01 6.999999999999988631e+01 6.999999999999988631e+01 6.999999999999988631e+01
3.819970344085740521e+02 6.999999999999988631e+01 6.999999999999988631e+01 6.999999999999988631e+01 6.999999999999988631e+01 6.999999999999988631e+01
4.000000000000001137e+02 6.999999999999988631e+01 6.999999999999988631e+01 6.999999999999988631e+01 6.999999999999988631e+01 6.999999999999988631e+01
4.188514192203595030e+02 6.999999999999988631e+01 6.999999999999988631e+01 6.999999999999988631e+01 6.999999999999988631e+01 6.999999999999988631e+01
4.385912784572741430e+02 6.999999999999988631e+01 6.999999999999988631e+01 6.999999999999988631e+01 6.999999999999988631e+01 6.999999999999988631e+01
4.592614485987527928e+02 6.999999999999988631e+01 6.999999999999988631e+01 6.999999999999988631e+01 6.999999999999988631e+01 6.999999999999988631e+01
4.809057738469653600e+02 6.999999999999988631e+01 6.999999999999988631e+01 6.999999999999988631e+01 6.999999999999988631e+01 6.999999999999988631e+01
5.035701647176666143e+02 6.999999999999988631e+01 6.999999999999988631e+01 6.999999999999988631e+01 6.999999999999988631e+01 6.999999999999988631e+01
5.273026954225631471e+02 6.999999999999988631e+01 6.999999999999988631e+01 6.999999999999988631e+01 6.999999999999988631e+01 6.999999999999988631e+01
5.521537058411536236e+02 6.999999999999988631e+01 6.999999999999988631e+01 6.999999999999988631e+01 6.999999999999988631e+01 6.999999999999988631e+01
5.781759082983708140e+02 6.999999999999988631e+01 6.999999999999988631e+01 6.999999999999988631e+01 6.999999999999988631e+01 6.999999999999988631e+01
6.054244993744830481e+02 6.999999999999988631e+01 6.999999999999988631e+01 6.999999999999988631e+01 6.999999999999988631e+01 6.999999999999988631e+01
6.339572769844452296e+02 6.999999999999988631e+01 6.999999999999988631e+01 6.999999999999988631e+01 6.999999999999988631e+01 6.999999999999988631e+01
6.638347629750240912e+02 6.999999999999988631e+01 6.999999999999988631e+01 6.999999999999988631e+01 6.999999999999988631e+01 6.999999999999988631e+01
6.951203314997500229e+02 6.999999999999988631e+01 6.999999999999988631e+01 6.999999999999988631e+01 6.999999999999988631e+01 6.999999999999988631e+01
7.278803434439931834e+02 6.999999999999988631e+01 6.999999999999988631e+01 6.999999999999988631e+01 6.999999999999988631e+01 6.999999999999988631e+01
7.621842871852987855e+02 6.999999999999988631e+01 6.999999999999988631e+01 6.999999999999988631e+01 6.999999999999988631e+01 6.999999999999988631e+01
7.981049259875517237e+02 6.999999999999988631e+01 6.999999999999988631e+01 6.999999999999988631e+01 6.999999999999988631e+01 6.999999999999988631e+01
8.357184523416157163e+02 6.999999999999988631e+01 6.999999999999988631e+01 6.999999999999988631e+01 6.999999999999988631e+01 6.999999999999988631e+01
8.751046495798209435e+02 6.999999999999988631e+01 6.999999999999988631e+01 6.999999999999988631e+01 6.999999999999988631e+01 6.999999999999988631e+01
9.163470611071091980e+02 6.999999999999988631e+01 6.999999999999988631e+01 6.999999999999988631e+01 6.999999999999988631e+01 6.999999999999988631e+01
9.595331676077962584e+02 6.999999999999988631e+01 6.999999999999988631e+01 6.999999999999988631e+01 6.999999999999988631e+01 6.999999999999988631e+01
1.004754572603832116e+03 6.999999999999988631e+01 6.999999999999988631e+01 6.999999999999988631e+01 6.999999999999988631e+01 6.999999999999988631e+01
1.052107196758152895e+03 6.999999999999988631e+01 6.999999999999988631e+01 6.999999999999988631e+01 6.999999999999988631e+01 6.999999999999988631e+01
1.101691481335265507e+03 6.999999999999988631e+01 6.999999999999988631e+01 6.999999999999988631e+01 6.999999999999988631e+01 6.999999999999988631e+01
1.153612601250642683e+03 6.999999999999988631e+01 6.999999999999988631e+01 6.999999999999988631e+01 6.999999999999988631e+01 6.999999999999988631e+01
1.207980688160805585e+03 6.999999999999988631e+01 6.999999999999988631e+01 6.999999999999988631e+01 6.999999999999988631e+01 6.999999999999988631e+01
1.264911064067352072e+03 6.999999999999988631e+01 6.999999999999988631e+01 6.999999999999988631e+01 6.999999999999988631e+01 6.999999999999988631e+01
1.324524485930363426e+03 6.999999999999988631e+01 6.999999999999988631e+01 6.999999999999988631e+01 6.999999999999988631e+01 6.999999999999988631e+01
1.386947401810127076e+03 6.999999999999988631e+01 6.999999999999988631e+01 6.999999999999988631e+01 6.999999999999988631e+01 6.999999999999988631e+01
1.452312219080404475e+03 6.999999999999988631e+01 6.999999999999988631e+01 6.999999999999988631e+01 6.999999999999988631e+01 6.999999999999988631e+01
1.520757585282245373e+03 6.999999999999988631e+01 6.999999999999988631e+01 6.999999999999988631e+01 6.999999999999988631e+01 6.999999999999988631e+01
1.592428682213988168e+03 6.999999999999988631e+01 6.999999999999988631e+01 6.999999999999988631e+01 6.999999999999988631e+01 6.999999999999988631e+01
1.667477533881342424e+03 6.999999999999988631e+01 6.999999999999988631e+01 6.999999999999988631e+01 6.999999999999988631e+01 6.999999999999988631e+01
1.746063328960663057e+03 6.999999999999988631e+01 6.999999999999988631e+01 6.999999999999988631e+01 6.999999999999988631e+01 6.999999999999988631e+01
1.828352758459501274e+03 6.999999999999988631e+01 6.999999999999988631e+01 6.999999999999988631e+01 6.999999999999988631e+01 6.999999999999988631e+01
1.914520369290552708e+03 6.999999999999988631e+01 6.999999999999988631e+01 6.999999999999988631e+01 6.999999999999988631e+01 6.999999999999988631e+01
2.004748934509088485e+03 6.999999999999988631e+01 6.999999999999988631e+01 6.999999999999988631e+01 6.999999999999988631e+01 6.999999999999988631e+01
2.099229840999089902e+03 6.999999999999988631e+01 6.999999999999988631e+01 6.999999999999988631e+01 6.999999999999988631e+01 6.999999999999988631e+01
2.198163495430497733e+03 6.999999999999988631e+01 6.999999999999988631e+01 6.999999999999988631e+01 6.999999999999988631e+01 6.999999999999988631e+01
2.301759749348627338e+03 6.999999999999988631e+01 6.999999999999988631e+01 6.999999999999988631e+01 6.999999999999988631e+01 6.999999999999988631e+01
2.410238344297430558e+03 6.999999999999988631e+01 6.999999999999988631e+01 6.999999999999988631e+01 6.999999999999988631e+01 6.999999999999988631e+01
2.523829377920772458e+03 6.999999999999988631e+01 6.999999999999988631e+01 6.999999999999988631e+01 6.999999999999988631e+01 6.999999999999988631e+01
2.642773792030383902e+03 6.999999999999988631e+01 6.999999999999988631e+01 6.999999999999988631e+01 6.999999999999988631e+01 6.999999999999988631e+01
2.767323883675745947e+03 6.999999999999988631e+01 6.999999999999988631e+01 6.999999999999988631e+01 6.999999999999988631e+01 6.999999999999988631e+01
2.897743840299960084e+03 6.999999999999988631e+01 6.999999999999988631e+01 6.999999999999988631e+01 6.999999999999988631e+01 6.999999999999988631e+01
3.034310300116735107e+03 6.999999999999988631e+01 6.999999999999988631e+01 6.999999999999988631e+01 6.999999999999988631e+01 6.999999999999988631e+01
3.177312938897126060e+03 6.999999999999988631e+01 6.999999999999988631e+01 6.999999999999988631e+01 6.999999999999988631e+01 6.999999999999988631e+01
3.327055084410684231e+03 6.999999999999988631e+01 6.999999999999988631e+01 6.999999999999988631e+01 6.999999999999988631e+01 6.999999999999988631e+01
3.483854359824319545e+03 6.999999999999988631e+01 6.999999999999988631e+01 6.999999999999988631e+01 6.999999999999988631e+01 6.999999999999988631e+01
3.648043357423639463e+03 6.999999999999988631e+01 6.999999999999988631e+01 6.999999999999988631e+01 6.999999999999988631e+01 6.999999999999988631e+01
3.819970344085740635e+03 6.999999999999988631e+01 6.999999999999988631e+01 6.999999999999988631e+01 6.999999999999988631e+01 6.999999999999988631e+01
4.000000000000000909e+03 6.999999999999988631e+01 6.999999999999988631e+01 6.999999999999988631e+01 6.999999999999988631e+01 6.999999999999988631e+01
4.188514192203595485e+03 6.999999999999988631e+01 6.999999999999988631e+01 6.999999999999988631e+01 6.999999999999988631e+01 6.999999999999988631e+01
4.385912784572741657e+03 6.999999999999988631e+01 6.999999999999988631e+01 6.999999999999988631e+01 6.999999999999988631e+01 6.999999999999988631e+01
