# Fig. 1g, outlet temperatures
# 0. flow rate ratio, 1. 5 L/h feed temperature (degC), 2. 10 L/h feed temperature (degC), 3. 20 L/h feed temperature (degC), 4. 30 L/h feed temperature (degC), 5. 40 L/h feed temperature (degC)
3.999999999999999289e+01 6.377488485611149827e+01 6.492787457618925373e+01 6.548175866092850583e+01 6.581075507750199449e+01 6.609885043708874264e+01
4.188514192203597020e+01 6.363969346114356540e+01 6.476144421627304837e+01 6.532492332299733562e+01 6.569183029681852304e+01 6.600012525494418014e+01
4.385912784572739298e+01 6.348942623177572386e+01 6.458649448707672036e+01 6.517819432933714552e+01 6.557193330749754523e+01 6.590303634784663700e+01
4.592614485987530770e+01 6.333483439752558297e+01 6.440739543795399413e+01 6.502858060285382180e+01 6.544949448857016705e+01 6.580354494489665740e+01
4.809057738469650900e+01 6.317385058320985536e+01 6.422298075672199502e+01 6.487629351680232048e+01 6.532649541656491010e+01 6.570263906413083532e+01
5.035701647176668416e+01 6.300034858103521174e+01 6.402742406811523779e+01 6.471945199154475858e+01 6.520278777140566717e+01 6.560174155875643009e+01
5.273026954225625929e+01 6.282027158578233639e+01 6.383141288000479108e+01 6.456189194784190022e+01 6.507821117676144240e+01 6.550373602589024813e+01
5.521537058411536947e+01 6.262913439041619768e+01 6.363325697919106005e+01 6.440027363243149239e+01 6.495302046048948341e+01 6.540142827502648970e+01
5.781759082983707287e+01 6.243167375838282851e+01 6.342830776338644228e+01 6.423583941472935521e+01 6.482731848648546702e+01 6.530642111713001441e+01
6.054244993744830339e+01 6.222196619442684096e+01 6.321665665226873898e+01 6.407091063397700736e+01 6.470105053560803299e+01 6.520331093697006963e+01
6.339572769844451727e+01 6.200643476174963098e+01 6.300050504705654930e+01 6.390335693651388738e+01 6.457406903580755397e+01 6.511024334050375728e+01
6.638347629750241197e+01 6.177654811912850619e+01 6.277864058387314117e+01 6.373469320046103803e+01 6.445172647665248178e+01 6.501686312902347709e+01
6.951203314997499660e+01 6.153475876476670692e+01 6.254959270376957647e+01 6.356747585758603236e+01 6.432397351796515750e+01 6.492070416624488871e+01
7.278803434439932118e+01 6.128133855203191160e+01 6.231334190277976859e+01 6.339712998176116798e+01 6.420135805835559495e+01 6.483014627556201503e+01
7.621842871852987855e+01 6.102088355849605250e+01 6.207254234876080545e+01 6.322517929485780996e+01 6.407709743969860483e+01 6.473777281883820933e+01
7.981049259875517521e+01 6.074808656531598672e+01 6.182691268666110318e+01 6.305392303965248857e+01 6.395165223405138022e+01 6.464676822992100824e+01
8.357184523416157163e+01 6.046327039622394750e+01 6.157448485367166313e+01 6.288014291956920943e+01 6.383551204820366820e+01 6.455879813920250854e+01
8.751046495798209435e+01 6.017108517312328786e+01 6.131881796111838412e+01 6.270690827702992465e+01 6.371990502849041604e+01 6.447218445751133231e+01
9.163470611071092264e+01 5.987031251293899459e+01 6.105924051021776222e+01 6.254292546755675630e+01 6.359993273553260451e+01 6.438867931110291920e+01
9.595331676077961447e+01 5.956026285791142527e+01 6.079448471397961384e+01 6.237169650592619519e+01 6.348363523185480517e+01 6.430768980324529593e+01
1.004754572603832088e+02 5.924268543019462641e+01 6.052908134607264401e+01 6.220036504224850660e+01 6.336911330510127982e+01 6.422819062849492866e+01
1.052107196758152838e+02 5.891365464544998076e+01 6.025839929358596692e+01 6.203200020893518740e+01 6.325819773594548678e+01 6.415075838987331736e+01
1.101691481335266758e+02 5.857572042770493681e+01 5.998877962341475722e+01 6.186152613553184665e+01 6.314939380713650507e+01 6.407560205087315808e+01
1.153612601250642626e+02 5.823357768636691389e+01 5.971531395664044339e+01 6.169706963220681928e+01 6.304307850434031479e+01 6.400298002227543748e+01
1.207980688160805585e+02 5.787870160958465249e+01 5.944107319849979376e+01 6.153429303742467482e+01 6.293903221037430740e+01 6.393297283172250900e+01
1.264911064067352129e+02 5.752209257915217222e+01 5.916501715447202514e+01 6.137562307465043432e+01 6.283779073612112143e+01 6.386557868048919318e+01
1.324524485930363369e+02 5.715720473880713826e+01 5.888843310444002555e+01 6.121744338007505348e+01 6.273979913102800765e+01 6.380099101640286108e+01
1.386947401810126905e+02 5.678882837040202958e+01 5.861068417178842083e+01 6.106290368730475393e+01 6.264499284902126419e+01 6.373900104660413035e+01
1.452312219080404532e+02 5.641119766722027862e+01 5.833934393764059223e+01 6.091129004378529999e+01 6.255320370824239262e+01 6.367962739743887823e+01
1.520757585282243838e+02 5.603177543787273862e+01 5.806263291083780587e+01 6.076230623253081831e+01 6.246498841481792397e+01 6.362287075808546888e+01
1.592428682213988225e+02 5.564845839725529686e+01 5.778903747339268193e+01 6.061662615176618374e+01 6.238029055636337716e+01 6.356887481719252264e+01
1.667477533881340719e+02 5.526203596973937238e+01 5.751533420696387111e+01 6.047466275812996628e+01 6.229898234127352907e+01 6.351734387626794387e+01
1.746063328960663057e+02 5.487462178269277047e+01 5.725054451241442166e+01 6.033686037309280437e+01 6.222151458527775958e+01 6.346832606981115532e+01
1.828352758459499228e+02 5.448517492628013770e+01 5.698050853131553595e+01 6.020337214072901588e+01 6.214727068082817141e+01 6.342152942406261218e+01
1.914520369290552537e+02 5.409430133066638291e+01 5.672007261236370823e+01 6.007449491283682619e+01 6.207643992368622321e+01 6.337695336204404839e+01
2.004748934509088372e+02 5.370300064879484125e+01 5.645895799185541364e+01 5.995029024084362845e+01 6.200902047768096281e+01 6.333453448432391042e+01
2.099229840999089731e+02 5.331757817157352974e+01 5.620373340440363563e+01 5.983128366279476040e+01 6.194518280804669530e+01 6.329411002265629804e+01
2.198163495430497676e+02 5.293250320505882200e+01 5.595297751029715982e+01 5.971717404542181384e+01 6.188470808325780581e+01 6.325560199653864402e+01
2.301759749348627224e+02 5.254846534410262393e+01 5.570700485370912247e+01 5.960839776015836833e+01 6.182732767304662502e+01 6.321894262240243734e+01
2.410238344297430615e+02 5.216676103457041336e+01 5.546532092320131824e+01 5.950489582896722141e+01 6.177295514601200921e+01 6.318406017370330119e+01
2.523829377920772572e+02 5.178966001866405122e+01 5.522870774104546854e+01 5.940664440962711979e+01 6.172134928652531016e+01 6.315078494151930499e+01
2.642773792030383788e+02 5.141571415777536913e+01 5.499789041818695523e+01 5.931366548741016231e+01 6.167242166403735837e+01 6.311891145149360227e+01
2.767323883675745719e+02 5.104642368803013142e+01 5.477506492503312074e+01 5.922590023516153224e+01 6.162591742068423173e+01 6.308839022863173795e+01
2.897743840299960425e+02 5.068230178065272185e+01 5.455982821737285349e+01 5.914318372172692762e+01 6.158188649559133410e+01 6.305905615234638617e+01
3.034310300116734993e+02 5.032320044518485247e+01 5.435215244809216983e+01 5.906531997915050169e+01 6.154027217940802075e+01 6.303090838494227910e+01
3.177312938897126173e+02 4.996890243384689256e+01 5.415322880411952156e+01 5.899209409529436243e+01 6.150093201742998872e+01 6.300397604352247072e+01
3.327055084410684458e+02 4.962313711537274230e+01 5.396374620277447320e+01 5.892334987517591571e+01 6.146347315442915260e+01 6.297792666992933164e+01
3.483854359824322842e+02 4.928423074815179916e+01 5.378421634116193673e+01 5.885904031119781621e+01 6.142782254083550697e+01 6.295297695553881567e+01
3.648043357423639463e+02 4.895142365842468735e+01 5.361497436928692650e+01 5.879900439813229696e+01 6.139382910084680134e+01 6.292899971221874011e+01
3.819970344085740521e+02 4.862671611410848982e+01 5.345614999268752854e+01 5.874277588886241119e+01 6.136133608288849928e+01 6.290587121949158700e+01
4.000000000000001137e+02 4.831520936814303013e+01 5.330772734302388471e+01 5.868990932864426213e+01 6.133021645061586469e+01 6.288342973914285494e+01
4.188514192203595030e+02 4.801667979424075838e+01 5.316984015699222255e+01 5.864046770852098689e+01 6.130062605944959842e+01 6.286176545649857417e+01
4.385912784572741430e+02 4.773019616492121031e+01 5.304243664512290479e+01 5.859403624525293708e+01 6.127230856630438893e+01 6.284076005616043403e+01
4.592614485987527928e+02 4.745744938286918568e+01 5.292587003704358040e+01 5.855056852777147469e+01 6.124512536266155394e+01 6.282043165393491790e+01
4.809057738469653600e+02 4.720097352447356798e+01 5.281977481789658668e+01 5.850984142306202784e+01 6.121908715723407113e+01 6.280064387271187343e+01
5.035701647176666143e+02 4.696443038860076058e+01 5.272323325680883954e+01 5.847162721288430021e+01 6.119410530683973093e+01 6.278139031450530183e+01
5.273026954225631471e+02 4.674921497776608703e+01 5.263589075684240015e+01 5.843580489453017890e+01 6.117012759001170252e+01 6.276251508347763775e+01
5.521537058411536236e+02 4.655501086954984657e+01 5.255742922427612029e+01 5.840183526747154019e+01 6.114703464978759939e+01 6.274401415977564511e+01
5.781759082983708140e+02 4.638195368522616491e+01 5.248782122744353273e+01 5.836967903926137069e+01 6.112460178182107029e+01 6.272594619923393111e+01
6.054244993744830481e+02 4.623068276508809049e+01 5.242614745830934453e+01 5.833937135703803278e+01 6.110294231137004317e+01 6.270825528734513910e+01
6.339572769844452296e+02 4.610193864185794155e+01 5.237141491648287683e+01 5.831086070637957164e+01 6.108211099147973755e+01 6.269088481345448827e+01
6.638347629750240912e+02 4.599517140881187061e+01 5.232332993973670909e+01 5.828405126888299037e+01 6.106186437652593213e+01 6.267374439860265056e+01
6.951203314997500229e+02 4.590887656542372497e+01 5.228191540854578534e+01 5.825875246155305831e+01 6.104210001531151875e+01 6.265674249556036557e+01
7.278803434439931834e+02 4.584240991912122354e+01 5.224592800101777357e+01 5.823481715515225687e+01 6.102287041526864186e+01 6.264013254310344792e+01
7.621842871852987855e+02 4.579336740209464551e+01 5.221501558826514611e+01 5.821219224638809919e+01 6.100406802896321778e+01 6.262384406952060090e+01
7.981049259875517237e+02 4.576085218626377582e+01 5.218908206167083108e+01 5.819067604312976982e+01 6.098561440556943580e+01 6.260761100221537845e+01
8.357184523416157163e+02 4.574448389187136854e+01 5.216740783705205331e+01 5.817006419385472782e+01 6.096746980222064849e+01 6.259160221564701487e+01
8.751046495798209435e+02 4.574103736627932904e+01 5.214917129144834007e+01 5.815030754690440062e+01 6.094961372639318142e+01 6.257545084279962566e+01
9.163470611071091980e+02 4.574928429834943699e+01 5.213422105107036941e+01 5.813143904221880121e+01 6.093203683695509199e+01 6.255933718075522165e+01
9.595331676077962584e+02 4.576728478804591305e+01 5.212255318103098034e+01 5.811331742918633836e+01 6.091459721586636533e+01 6.254317897855787578e+01
1.004754572603832116e+03 4.579383902028490638e+01 5.211361924324006623e+01 5.809577597235886515e+01 6.089758755856445305e+01 6.252694524672040188e+01
1.052107196758152895e+03 4.582824533469062089e+01 5.210721653048659618e+01 5.807868528763390259e+01 6.088076221586470638e+01 6.251037946804740386e+01
1.101691481335265507e+03 4.586889931656730823e+01 5.210320008295428806e+01 5.806214031711192547e+01 6.086405936192602439e+01 6.249375447196268851e+01
1.153612601250642683e+03 4.591496364209547210e+01 5.210116697774992645e+01 5.804624626073291438e+01 6.084741334221700981e+01 6.247664251068590602e+01
1.207980688160805585e+03 4.596555920372492210e+01 5.210086462692493114e+01 5.803079230096210495e+01 6.083076064189697263e+01 6.245945689339731643e+01
1.264911064067352072e+03 4.602007495008115256e+01 5.210188322430622065e+01 5.801546531134260931e+01 6.081394608932822621e+01 6.244191396007477124e+01
1.324524485930363426e+03 4.607754238114597456e+01 5.210422362910952643e+01 5.800052598711795326e+01 6.079687410790165814e+01 6.242401146454460559e+01
1.386947401810127076e+03 4.613726112734849494e+01 5.210741532849311852e+01 5.798554597205139771e+01 6.077945186294311952e+01 6.240568821072059791e+01
1.452312219080404475e+03 4.619881385275760977e+01 5.211177701081959412e+01 5.797044405554402147e+01 6.076178605545186429e+01 6.238689298269724759e+01
1.520757585282245373e+03 4.626190260481700989e+01 5.211726429881110789e+01 5.795558113207238193e+01 6.074362587042793393e+01 6.236760928807331084e+01
1.592428682213988168e+03 4.632575870655722383e+01 5.212337193818416381e+01 5.794076253794673903e+01 6.072521452424467725e+01 6.234780121778038620e+01
1.667477533881342424e+03 4.638992436542366704e+01 5.213065962675767651e+01 5.792596247996965531e+01 6.070649057090673750e+01 6.232759570918176451e+01
1.746063328960663057e+03 4.645452555333565670e+01 5.213805472634732041e+01 5.791111784100627347e+01 6.068729947084585774e+01 6.230700753762266686e+01
1.828352758459501274e+03 4.651885467807011310e+01 5.214561051904627220e+01 5.789609306048703274e+01 6.066763232631620895e+01 6.228600525634300311e+01
1.914520369290552708e+03 4.658294380685373426e+01 5.215351251852456471e+01 5.788075514525542076e+01 6.064733118011992019e+01 6.226455170109124992e+01
2.004748934509088485e+03 4.664658813410443372e+01 5.216102892533444901e+01 5.786508523580255314e+01 6.062641860275624595e+01 6.224250858599378944e+01
2.099229840999089902e+03 4.670992450259365114e+01 5.216852721645653901e+01 5.784884507159620171e+01 6.060491844563182440e+01 6.221996950766339296e+01
2.198163495430497733e+03 4.677234568621383914e+01 5.217513591681853313e+01 5.783223077478567120e+01 6.058281591693366863e+01 6.219687994372986850e+01
2.301759749348627338e+03 4.683384327638049172e+01 5.218173509741205862e+01 5.781476698857289875e+01 6.056014481625578583e+01 6.217324085764551000e+01
2.410238344297430558e+03 4.689425428497895609e+01 5.218770728621922217e+01 5.779682414207559304e+01 6.053704645437642284e+01 6.214874718800768960e+01
2.523829377920772458e+03 4.695316420127682022e+01 5.219347803799416852e+01 5.777835746521600413e+01 6.051351277040146215e+01 6.212405044174522573e+01
2.642773792030383902e+03 4.701060816733678394e+01 5.219829642718809737e+01 5.775903224904999433e+01 6.048926362278609759e+01 6.209895323355425489e+01
2.767323883675745947e+03 4.706596349874354246e+01 5.220264066599582975e+01 5.773882970786229407e+01 6.046450232225009813e+01 6.207305421954583835e+01
2.897743840299960084e+03 4.711944543220050718e+01 5.220601825422500042e+01 5.771784322179007631e+01 6.043902236834691166e+01 6.204711127504936030e+01
3.034310300116735107e+03 4.717101155423779346e+01 5.220874347372961211e+01 5.769613940487255377e+01 6.041282216003901340e+01 6.202063539713236651e+01
3.177312938897126060e+03 4.722160792679238739e+01 5.221095606806238720e+01 5.767374360007727319e+01 6.038565791071437161e+01 6.199373142451526064e+01
3.327055084410684231e+03 4.727050686218905184e+01 5.221176914009112124e+01 5.765046599247256154e+01 6.035800671364290793e+01 6.196647287173533414e+01
3.483854359824319545e+03 4.731748804103733619e+01 5.221170769697806691e+01 5.762638245870698483e+01 6.032993024574705032e+01 6.193877197172349724e+01
3.648043357423639463e+03 4.736258031394720547e+01 5.221014318550845701e+01 5.760107452145882689e+01 6.030108030989168810e+01 6.191090181145330007e+01
3.819970344085740635e+03 4.740573836654778006e+01 5.220735507916043616e+01 5.757520942036137512e+01 6.027211249164480478e+01 6.188276017164326959e+01
4.000000000000000909e+03 4.744690191048664474e+01 5.220349472357293052e+01 5.754835149779745507e+01 6.024255103773845121e+01 6.185422313086530721e+01
4.188514192203595485e+03 4.748585040430418758e+01 5.219834654001931540e+01 5.752102217968234754e+01 6.021240574208144380e+01 6.182564732835584209e+01
4.385912784572741657e+03 4.752289642957350679e+01 5.219196165378235719e+01 5.749300276089019235e+01 6.018179140018304452e+01 6.179698157936161351e+01
