# Fig. 1i, inlet temperatures
# 0. flow rate ratio, 1. 5 L/h air temperature (degC), 2. 10 L/h air temperature (degC), 3. 20 L/h air temperature (degC), 4. 30 L/h air temperature (degC), 5. 40 L/h air temperature (degC)
3.999999999999999289e+01 5.971552906988625864e+01 6.155226925849461850e+01 6.233013097430114158e+01 6.185696097916684266e+01 6.094017910609733235e+01
4.188514192203597020e+01 6.001847999126903233e+01 6.181387477542233455e+01 6.245844175857706659e+01 6.181826260587382649e+01 6.079631808163981077e+01
4.385912784572739298e+01 6.042637366908138574e+01 6.209325422845432740e+01 6.251613694816211364e+01 6.173361772360499344e+01 6.058387641749811792e+01
4.592614485987530770e+01 6.069491829919923020e+01 6.227971837513109676e+01 6.254948597502681196e+01 6.163332716367534658e+01 6.040458622403946265e+01
4.809057738469650900e+01 6.097104270892378963e+01 6.240768055225737498e+01 6.257884860444556807e+01 6.151390649643190045e+01 6.022480243680610101e+01
5.035701647176668416e+01 6.128565447980219005e+01 6.261258495478671193e+01 6.261582149648944551e+01 6.139098853356978225e+01 6.002427248391740022e+01
5.273026954225625929e+01 6.157058822388478347e+01 6.280442487095984916e+01 6.254766660310281168e+01 6.123934074256021631e+01 5.978894904297357016e+01
5.521537058411536947e+01 6.183696706457129721e+01 6.300556153843746188e+01 6.252020206710398043e+01 6.106675714430929247e+01 5.955149741501185190e+01
5.781759082983707287e+01 6.207211591484247037e+01 6.313381981533791532e+01 6.248017985371330951e+01 6.090206602407874925e+01 5.927956190622597887e+01
6.054244993744830339e+01 6.233199384176435842e+01 6.326586915599261829e+01 6.240437502541243475e+01 6.072379890078212838e+01 5.902415276665595911e+01
6.339572769844451727e+01 6.250936299806772922e+01 6.338176524010447110e+01 6.232196750566413357e+01 6.052482666200336325e+01 5.871200396330124249e+01
6.638347629750241197e+01 6.274168105258223704e+01 6.345429517317626278e+01 6.222222893665218635e+01 6.024794390801599775e+01 5.837463039808187659e+01
6.951203314997499660e+01 6.300647623180373103e+01 6.351678607887498629e+01 6.205641533740094928e+01 6.001354540430298812e+01 5.802827011506985855e+01
7.278803434439932118e+01 6.325410862319836269e+01 6.359432107104254328e+01 6.188385858696256037e+01 5.973204914599091353e+01 5.768768807434560131e+01
7.621842871852987855e+01 6.337853653045618785e+01 6.363555900656723452e+01 6.174703168058204028e+01 5.947715821150796955e+01 5.734899169474431346e+01
7.981049259875517521e+01 6.354481167972272715e+01 6.364362614207834667e+01 6.154390356137287199e+01 5.919254720656272184e+01 5.698987869045987509e+01
8.357184523416157163e+01 6.373092288428597385e+01 6.364844040443171025e+01 6.135350400983838881e+01 5.882378931858642090e+01 5.662204139998777919e+01
8.751046495798209435e+01 6.387178287960398393e+01 6.360520606133269439e+01 6.114643526463993339e+01 5.847248191014614349e+01 5.625343295854116832e+01
9.163470611071092264e+01 6.402270937809561246e+01 6.356386961108290734e+01 6.084050511213604295e+01 5.813137190549076649e+01 5.587807928990258688e+01
9.595331676077961447e+01 6.413992780533584437e+01 6.351047725736265193e+01 6.057117308826423141e+01 5.777925022863655613e+01 5.550236688406965868e+01
1.004754572603832088e+02 6.421378054072687291e+01 6.340975150872492350e+01 6.029921672861394200e+01 5.742498596109942355e+01 5.512265679520709227e+01
1.052107196758152838e+02 6.431372661393919543e+01 6.332426158580551601e+01 6.001487348291914259e+01 5.705230274893193609e+01 5.474712944908338841e+01
1.101691481335266758e+02 6.439871836137336913e+01 6.319135450780345309e+01 5.973753072846335499e+01 5.668204026181808786e+01 5.436635099954759198e+01
1.153612601250642626e+02 6.442863464427830422e+01 6.303689086559393218e+01 5.938449483391480044e+01 5.629312199041493159e+01 5.399392122644223946e+01
1.207980688160805585e+02 6.443850190563739488e+01 6.287098488376790328e+01 5.903760464868344116e+01 5.590870386043025064e+01 5.362603164216801588e+01
1.264911064067352129e+02 6.443531585138902074e+01 6.268055531575402028e+01 5.868394444286172984e+01 5.552493814649261594e+01 5.326889497763983172e+01
1.324524485930363369e+02 6.441550378440587110e+01 6.249770284997231329e+01 5.832981419276063662e+01 5.513180635517352357e+01 5.292579266173481756e+01
1.386947401810126905e+02 6.435871251741428978e+01 6.227944662314018842e+01 5.794005720850532271e+01 5.474348161820734049e+01 5.258526645357028428e+01
1.452312219080404532e+02 6.429781103745813198e+01 6.202130330648225254e+01 5.757010996332979857e+01 5.435657587972883675e+01 5.225478503080506698e+01
1.520757585282243838e+02 6.420420647061081354e+01 6.177169446770716377e+01 5.718753064380996420e+01 5.398028371993370911e+01 5.193452721782807657e+01
1.592428682213988225e+02 6.410617900024044502e+01 6.149413334073216220e+01 5.679251916686456525e+01 5.360357140517993457e+01 5.163605744916668527e+01
1.667477533881340719e+02 6.398025166623773430e+01 6.118765853912321973e+01 5.638605725596761431e+01 5.323809704677228183e+01 5.135950995545675823e+01
1.746063328960663057e+02 6.382010606108042339e+01 6.086140649609569664e+01 5.598413185853297591e+01 5.288890254254272349e+01 5.109243458105999025e+01
1.828352758459499228e+02 6.363846064078262543e+01 6.054242120140685302e+01 5.557966461332438257e+01 5.254782316761981065e+01 5.084075627978472767e+01
1.914520369290552537e+02 6.345218263489914534e+01 6.017839023275035970e+01 5.517865523674436190e+01 5.221235216334326878e+01 5.061304601866197572e+01
2.004748934509088372e+02 6.323168176412957564e+01 5.983940666588551949e+01 5.477564961944017341e+01 5.189668344719819970e+01 5.040453689897429967e+01
2.099229840999089731e+02 6.298724231440911581e+01 5.947816442623451394e+01 5.437963321107088177e+01 5.160398635591559469e+01 5.020268703792413589e+01
2.198163495430497676e+02 6.273476180615244857e+01 5.911100337656239390e+01 5.398305961054495583e+01 5.132095126933398888e+01 5.002472477488419145e+01
2.301759749348627224e+02 6.246050633156880849e+01 5.871674821488466023e+01 5.360463396289497950e+01 5.105416934474970958e+01 4.986447532641221869e+01
2.410238344297430615e+02 6.216683543140715074e+01 5.831711727427369851e+01 5.322996146286067187e+01 5.080934273224465869e+01 4.972185942738457243e+01
2.523829377920772572e+02 6.187864328988371199e+01 5.790073070342128858e+01 5.286509249074890704e+01 5.057767290507246116e+01 4.960155678300560567e+01
2.642773792030383788e+02 6.154600333990532590e+01 5.748339559027954238e+01 5.251869326105668279e+01 5.036578966623903852e+01 4.948905649773621462e+01
2.767323883675745719e+02 6.119413263874804443e+01 5.706557777790732189e+01 5.218814053974682565e+01 5.017319689296476781e+01 4.939398222601971611e+01
2.897743840299960425e+02 6.084293179734902424e+01 5.664140734750833417e+01 5.186891299391146504e+01 4.999919308250213135e+01 4.931345522836073769e+01
3.034310300116734993e+02 6.047069565880588016e+01 5.621031243187371729e+01 5.156894480020298488e+01 4.984740414878638148e+01 4.924763095795049139e+01
3.177312938897126173e+02 6.008875550774604335e+01 5.578251148747875732e+01 5.128562910413472764e+01 4.970769752101853101e+01 4.919760062679813473e+01
3.327055084410684458e+02 5.969669567192300974e+01 5.535522544556141611e+01 5.101974808234137981e+01 4.958029227942574835e+01 4.915262701978974746e+01
3.483854359824322842e+02 5.929191969077112390e+01 5.492974326047817613e+01 5.077245149740008401e+01 4.947656253250079317e+01 4.912426452595610726e+01
3.648043357423639463e+02 5.887652453239485340e+01 5.451084950586044897e+01 5.054379344031366372e+01 4.938647933022116376e+01 4.910773329570446322e+01
3.819970344085740521e+02 5.844837759612948958e+01 5.409991956047485928e+01 5.033653886151489587e+01 4.930773184824937516e+01 4.909901153282737596e+01
4.000000000000001137e+02 5.801324047494023262e+01 5.369582284368431147e+01 5.014587989867987972e+01 4.924427076191324204e+01 4.909211825670820417e+01
4.188514192203595030e+02 5.756994876168118935e+01 5.330689638787572449e+01 4.997638287760526055e+01 4.919444889716686475e+01 4.909720288094536045e+01
4.385912784572741430e+02 5.712183602109848835e+01 5.293192965560422181e+01 4.981779640130088183e+01 4.915925821939180196e+01 4.911012481638181271e+01
4.592614485987527928e+02 5.667337684049311974e+01 5.257194539317123372e+01 4.968057684467879653e+01 4.913193019538601902e+01 4.912869414762650422e+01
4.809057738469653600e+02 5.621729073172440394e+01 5.222427564662416444e+01 4.956190229565447680e+01 4.911328360527693349e+01 4.915319375622595999e+01
5.035701647176666143e+02 5.576891579015602929e+01 5.189871922161256634e+01 4.946032763034827440e+01 4.910365681957688366e+01 4.918057568781171085e+01
5.273026954225631471e+02 5.532303162359477255e+01 5.159109033791264665e+01 4.937330004573112774e+01 4.910383742170802179e+01 4.920874378218280754e+01
5.521537058411536236e+02 5.488239817148240718e+01 5.130195396865360635e+01 4.930032698076172437e+01 4.911174363580039426e+01 4.924080212167854143e+01
5.781759082983708140e+02 5.445102724675211903e+01 5.103180040664830130e+01 4.923878968894479158e+01 4.912468775004032295e+01 4.927773993518536599e+01
6.054244993744830481e+02 5.403067082718206393e+01 5.078260898658294309e+01 4.919144159063478128e+01 4.914286425678687920e+01 4.931574575517083758e+01
6.339572769844452296e+02 5.362502050795745845e+01 5.055379374397114134e+01 4.915679067805552904e+01 4.916704624029455317e+01 4.935616848814373725e+01
6.638347629750240912e+02 5.323414614244472887e+01 5.034482411869333873e+01 4.913248258621121067e+01 4.919482281009743474e+01 4.939671996298767453e+01
6.951203314997500229e+02 5.286009193155450703e+01 5.015578713230593166e+01 4.911744569173413311e+01 4.922591755651433232e+01 4.943802097870417356e+01
7.278803434439931834e+02 5.250368620526000996e+01 4.998600324615699719e+01 4.911115112104835134e+01 4.925967362942378713e+01 4.947891869816197641e+01
7.621842871852987855e+02 5.216662449635447274e+01 4.983478363786093723e+01 4.911258298960433422e+01 4.929539398957507501e+01 4.951976013401537102e+01
7.981049259875517237e+02 5.184963941432613410e+01 4.970107425782060773e+01 4.912111649507767197e+01 4.933324182832740235e+01 4.955933371231895990e+01
8.357184523416157163e+02 5.155486533436766194e+01 4.958494209865000357e+01 4.913590090530982479e+01 4.937295609440963062e+01 4.959884920950008791e+01
8.751046495798209435e+02 5.128116707293668242e+01 4.948383361864881635e+01 4.915593787967651451e+01 4.941282531031725966e+01 4.963641393726885553e+01
9.163470611071091980e+02 5.102934035750092789e+01 4.939834245961458237e+01 4.918091603290582725e+01 4.945357016987503584e+01 4.967346526261161443e+01
9.595331676077962584e+02 5.079651861145902103e+01 4.932762109004863760e+01 4.920985297586690876e+01 4.949434912083518157e+01 4.970812940461939888e+01
1.004754572603832116e+03 5.058157549324090496e+01 4.926999430793227930e+01 4.924216393026136984e+01 4.953464478982550645e+01 4.974148064092810273e+01
1.052107196758152895e+03 5.038619133635847902e+01 4.922438955498478208e+01 4.927623844469974301e+01 4.957374081522692677e+01 4.977349561813002765e+01
1.101691481335265507e+03 5.020939804582394572e+01 4.919059217233439085e+01 4.931224500941470978e+01 4.961194163030944537e+01 4.980342919587536699e+01
1.153612601250642683e+03 5.005051041663165279e+01 4.916777901958874963e+01 4.935052968043504507e+01 4.964897631522757138e+01 4.983213115343630761e+01
1.207980688160805585e+03 4.990870503745890119e+01 4.915443139372035830e+01 4.938983662864222879e+01 4.968475439007033856e+01 4.985870014972874742e+01
1.264911064067352072e+03 4.978329964666210117e+01 4.914906112996783349e+01 4.942934117096348245e+01 4.971887858227347579e+01 4.988340646407027634e+01
1.324524485930363426e+03 4.967320654546068681e+01 4.915139708573849475e+01 4.946896897025510498e+01 4.975126903823866087e+01 4.990611223529492690e+01
1.386947401810127076e+03 4.957734942246929677e+01 4.916027164353596390e+01 4.950880751032428861e+01 4.978204649399032178e+01 4.992668402848335063e+01
1.452312219080404475e+03 4.949529225299659174e+01 4.917527254766622491e+01 4.954746317546221235e+01 4.981105947280121882e+01 4.994538792542499550e+01
1.520757585282245373e+03 4.942574040146070047e+01 4.919502581929970120e+01 4.958589363478233736e+01 4.983831866685034129e+01 4.996245648020141061e+01
1.592428682213988168e+03 4.936757378698541743e+01 4.921917734103368502e+01 4.962290162281931316e+01 4.986362136994102912e+01 4.997748780421250103e+01
1.667477533881342424e+03 4.931999587726113532e+01 4.924681554051585408e+01 4.965895751940695391e+01 4.988722317658306338e+01 4.999128936401501733e+01
1.746063328960663057e+03 4.928254438457145170e+01 4.927746773813663594e+01 4.969352324863416470e+01 4.990902800542562545e+01 5.000328390575492676e+01
1.828352758459501274e+03 4.925370905463864801e+01 4.931041260817983130e+01 4.972655243100803091e+01 4.992893600461758297e+01 5.001387432973052682e+01
1.914520369290552708e+03 4.923298113235102846e+01 4.934517389207218230e+01 4.975786945753964119e+01 4.994666168988925392e+01 5.002310303528963686e+01
2.004748934509088485e+03 4.921928651476866889e+01 4.938122515419536285e+01 4.978754764703745650e+01 4.996272740593451545e+01 5.003088218380696617e+01
2.099229840999089902e+03 4.921257656935779323e+01 4.941817270182349375e+01 4.981557111992333375e+01 4.997735792315813796e+01 5.003741375345970255e+01
2.198163495430497733e+03 4.921283534321673869e+01 4.945530523080418561e+01 4.984190142747121399e+01 4.999025646111158494e+01 5.004262650445770078e+01
2.301759749348627338e+03 4.921855369817234305e+01 4.949216738616831890e+01 4.986651555779019418e+01 5.000177564306511613e+01 5.004658591268849932e+01
2.410238344297430558e+03 4.922922230954952738e+01 4.952875556416938707e+01 4.988924603577197558e+01 5.001164554218041758e+01 5.004934917909275782e+01
2.523829377920772458e+03 4.924322462228559516e+01 4.956474859625990348e+01 4.991011592757854487e+01 5.002049720196032467e+01 5.005129412507920961e+01
2.642773792030383902e+03 4.926031762346764253e+01 4.959982273822919296e+01 4.992897474026614191e+01 5.002771010675280650e+01 5.005230707900210518e+01
2.767323883675745947e+03 4.927921625211280343e+01 4.963411510589554609e+01 4.994590644078198238e+01 5.003380194338774345e+01 5.005234751885529931e+01
2.897743840299960084e+03 4.930009269624889612e+01 4.966681984248884874e+01 4.996090059767146840e+01 5.003860943772821201e+01 5.005173636049732977e+01
3.034310300116735107e+03 4.932243764924817242e+01 4.969802658948054841e+01 4.997424831734434747e+01 5.004223489762006238e+01 5.005039694967223340e+01
3.177312938897126060e+03 4.934681588680234654e+01 4.972835789092101777e+01 4.998626736797746162e+01 5.004479989067243650e+01 5.004840452016759400e+01
3.327055084410684231e+03 4.937212720653639053e+01 4.975619110449866866e+01 4.999655276165009354e+01 5.004622228958328378e+01 5.004580388951507075e+01
3.483854359824319545e+03 4.939784469580740733e+01 4.978266696599700936e+01 5.000550323073383652e+01 5.004675496259142164e+01 5.004262677794133651e+01
3.648043357423639463e+03 4.942375910332157218e+01 4.980717585962861449e+01 5.001297064377200741e+01 5.004646743248969187e+01 5.003897298109285430e+01
3.819970344085740635e+03 4.944968679010020196e+01 4.982980231274160587e+01 5.001947053932735798e+01 5.004528521759249315e+01 5.003491631941813012e+01
4.000000000000000909e+03 4.947547687695288232e+01 4.985067764344051966e+01 5.002428912160991104e+01 5.004354828304661851e+01 5.003034955281970042e+01
4.188514192203595485e+03 4.950056904655417611e+01 4.986992764446432602e+01 5.002817652844174745e+01 5.004119459436145689e+01 5.002560880069626137e+01
4.385912784572741657e+03 4.952514327376792380e+01 4.988733494948962743e+01 5.003100599002823401e+01 5.003828952743623404e+01 5.002109108863686515e+01
