# Fig. 1i, outlet temperatures
# 0. flow rate ratio, 1. 5 L/h air temperature (degC), 2. 10 L/h air temperature (degC), 3. 20 L/h air temperature (degC), 4. 30 L/h air temperature (degC), 5. 40 L/h air temperature (degC)
3.999999999999999289e+01 2.202956124451776532e+01 2.206695312045371793e+01 2.210628725126440486e+01 2.212446715742481729e+01 2.213684534881838317e+01
4.188514192203597020e+01 2.203635627016393528e+01 2.207531960322398845e+01 2.211394684109063746e+01 2.213112108777789899e+01 2.214480983534872394e+01
4.385912784572739298e+01 2.204188986943984219e+01 2.208204797974195799e+01 2.212073689315610636e+01 2.213773268238247738e+01 2.215392416561553546e+01
4.592614485987530770e+01 2.204745384087061666e+01 2.208879698310931872e+01 2.212758340297170889e+01 2.214456998072409988e+01 2.216458940658606025e+01
4.809057738469650900e+01 2.205322945344198615e+01 2.209573202312014928e+01 2.213455978063717566e+01 2.215173738090419420e+01 2.217736088392604188e+01
5.035701647176668416e+01 2.205927065459547975e+01 2.210287067181792509e+01 2.214167346145131887e+01 2.215936131767563211e+01 2.219294181052498516e+01
5.273026954225625929e+01 2.206560265921154951e+01 2.211021491438714293e+01 2.214893348264843098e+01 2.216762681699134419e+01 2.221217970904677941e+01
5.521537058411536947e+01 2.207218865354298032e+01 2.211776680850562116e+01 2.215634541054890860e+01 2.217679111755865051e+01 2.223619063615097957e+01
5.781759082983707287e+01 2.207905238447938245e+01 2.212552927065343056e+01 2.216392541451267562e+01 2.218720782138086633e+01 2.226610124064723095e+01
6.054244993744830339e+01 2.208617154715761899e+01 2.213350196456690355e+01 2.217169735571809497e+01 2.219934763823687263e+01 2.230355595279866066e+01
6.339572769844451727e+01 2.209355997944493311e+01 2.214168981983453932e+01 2.217969789112419221e+01 2.221382270645722201e+01 2.234975725915535349e+01
6.638347629750241197e+01 2.210121883681404142e+01 2.215009478643321472e+01 2.218798495451312647e+01 2.223138527237819062e+01 2.240667643842124335e+01
6.951203314997499660e+01 2.210915005149587387e+01 2.215871814918148175e+01 2.219664800381406167e+01 2.225303743421562785e+01 2.247619883678186170e+01
7.278803434439932118e+01 2.211736430278318721e+01 2.216756433321683062e+01 2.220581843181474824e+01 2.227987627203270904e+01 2.255990885920357414e+01
7.621842871852987855e+01 2.212587710614855041e+01 2.217663669928140280e+01 2.221568674334520210e+01 2.231328720284113842e+01 2.266004013670885797e+01
7.981049259875517521e+01 2.213469835915850581e+01 2.218593966093607150e+01 2.222652441120015965e+01 2.235483027614901630e+01 2.277799219173238043e+01
8.357184523416157163e+01 2.214383690384886449e+01 2.219547810314344360e+01 2.223870531106501858e+01 2.240600393054438655e+01 2.291520695802472574e+01
8.751046495798209435e+01 2.215330216011813036e+01 2.220525862431065889e+01 2.225272809112448158e+01 2.246878301120977994e+01 2.307320062520346937e+01
9.163470611071092264e+01 2.216310327985746653e+01 2.221528651196769033e+01 2.226922110305417846e+01 2.254529750483766293e+01 2.325273415438471147e+01
9.595331676077961447e+01 2.217324907611816798e+01 2.222557383889449056e+01 2.228905545738888350e+01 2.263725654092394279e+01 2.345476731793769432e+01
1.004754572603832088e+02 2.218374796978548602e+01 2.223613373906840707e+01 2.231325029611173250e+01 2.274664769994416247e+01 2.367935933792051628e+01
1.052107196758152838e+02 2.219461021808211854e+01 2.224698373942794660e+01 2.234303337793852506e+01 2.287512782294453473e+01 2.392655040511806419e+01
1.101691481335266758e+02 2.220584610910532319e+01 2.225815221314667269e+01 2.237993596295058296e+01 2.302434899252972400e+01 2.419562070731507220e+01
1.153612601250642626e+02 2.221746788772423997e+01 2.226967864346465831e+01 2.242553800407205244e+01 2.319552779526048880e+01 2.448579384337875808e+01
1.207980688160805585e+02 2.222948641205653075e+01 2.228162487408906145e+01 2.248181104598450020e+01 2.338969715031049645e+01 2.479581054015380914e+01
1.264911064067352129e+02 2.224191570977887977e+01 2.229408295629156100e+01 2.255070034185303030e+01 2.360737735519677472e+01 2.512414383423276831e+01
1.324524485930363369e+02 2.225476959031806246e+01 2.230719033703383047e+01 2.263444805300628104e+01 2.384864674645609739e+01 2.546914790419106112e+01
1.386947401810126905e+02 2.226806499977118392e+01 2.232114934739718137e+01 2.273510215574458471e+01 2.411318548917626003e+01 2.582937918368344299e+01
1.452312219080404532e+02 2.228181961319523907e+01 2.233624793441487100e+01 2.285482069658689852e+01 2.440029830764115104e+01 2.620235333823518431e+01
1.520757585282243838e+02 2.229605611729914472e+01 2.235289857013106030e+01 2.299555097850486618e+01 2.470894039144178578e+01 2.658644298780541249e+01
1.592428682213988225e+02 2.231079446844478298e+01 2.237165598543026590e+01 2.315904776381034935e+01 2.503757758546174728e+01 2.697964076535458844e+01
1.667477533881340719e+02 2.232606058132398630e+01 2.239327504057825990e+01 2.334657719947472287e+01 2.538462550956910491e+01 2.738026134001853507e+01
1.746063328960663057e+02 2.234188565433470330e+01 2.241871294437328288e+01 2.355920904615379641e+01 2.574826354786773663e+01 2.778632629710273250e+01
1.828352758459499228e+02 2.235830600170407934e+01 2.244924536835793560e+01 2.379731141361310165e+01 2.612655543383141321e+01 2.819549139871389798e+01
1.914520369290552537e+02 2.237536798614019062e+01 2.248636513371155843e+01 2.406096650553649852e+01 2.651711897839214771e+01 2.860665182538292584e+01
2.004748934509088372e+02 2.239313330877234876e+01 2.253195544843555354e+01 2.434963983340156801e+01 2.691817913373000692e+01 2.901863329517334478e+01
2.099229840999089731e+02 2.241168541568498540e+01 2.258816163963678036e+01 2.466251558201457783e+01 2.732768774224064146e+01 2.943005201407572713e+01
2.198163495430497676e+02 2.243114290497430829e+01 2.265744243511204559e+01 2.499796705097787708e+01 2.774384079244077839e+01 2.984007201370451412e+01
2.301759749348627224e+02 2.245167717810153363e+01 2.274255438592774681e+01 2.535454675738634478e+01 2.816402510554684113e+01 3.024758575916871450e+01
2.410238344297430615e+02 2.247354099729932386e+01 2.284636803410938910e+01 2.573030462898856285e+01 2.858680905124174387e+01 3.065190008649972242e+01
2.523829377920772572e+02 2.249710348819348837e+01 2.297182560716157695e+01 2.612274309864727684e+01 2.901068386676308819e+01 3.105249160013499932e+01
2.642773792030383788e+02 2.252290113690554563e+01 2.312181819268960226e+01 2.652993050815189235e+01 2.943443257958489312e+01 3.144803515473773814e+01
2.767323883675745719e+02 2.255169604750909684e+01 2.329896445879040812e+01 2.694924856953684866e+01 2.985686231546225144e+01 3.183813322297305604e+01
2.897743840299960425e+02 2.258457084573603879e+01 2.350566872591480205e+01 2.737856773907827801e+01 3.027666241875402875e+01 3.222282148039658978e+01
3.034310300116734993e+02 2.262298104293205370e+01 2.374349673865668819e+01 2.781565220516506542e+01 3.069341598424017548e+01 3.260198505019957338e+01
3.177312938897126173e+02 2.266888442148376726e+01 2.401361795040469360e+01 2.825788033070261918e+01 3.110611225833628168e+01 3.297609944763718204e+01
3.327055084410684458e+02 2.272485785948293824e+01 2.431638591068320920e+01 2.870307458982364324e+01 3.151349232398882805e+01 3.334402697606918764e+01
3.483854359824322842e+02 2.279411424769386940e+01 2.465127184999266774e+01 2.914993639938762726e+01 3.191526188562488642e+01 3.370690800209064264e+01
3.648043357423639463e+02 2.288067199332914470e+01 2.501710867125694904e+01 2.959675560046036935e+01 3.231120449996149091e+01 3.406439507975767356e+01
3.819970344085740521e+02 2.298911077547495552e+01 2.541203578861018286e+01 3.004193063981745127e+01 3.270109630213937635e+01 3.441693538401170827e+01
4.000000000000001137e+02 2.312489899552031147e+01 2.583343673080173630e+01 3.048445843393363930e+01 3.308469726227400542e+01 3.476365375711645811e+01
4.188514192203595030e+02 2.329354825410706553e+01 2.627849527060868695e+01 3.092296640943845887e+01 3.346254231764595488e+01 3.510551541430351108e+01
4.385912784572741430e+02 2.350094918109226683e+01 2.674389202844156443e+01 3.135697992100489273e+01 3.383447773730728159e+01 3.544247327278640114e+01
4.592614485987527928e+02 2.375233921288304373e+01 2.722617786874263857e+01 3.178458795118473290e+01 3.420031849603691398e+01 3.577526914984878204e+01
4.809057738469653600e+02 2.405204781519398693e+01 2.772198384553684036e+01 3.220578707005546448e+01 3.456017863946937041e+01 3.610352482687096654e+01
5.035701647176666143e+02 2.440288694918120882e+01 2.822758949670935635e+01 3.262016618469033347e+01 3.491405168700345030e+01 3.642742856340771596e+01
5.273026954225631471e+02 2.480583185169155058e+01 2.873939202432814000e+01 3.302788069983404284e+01 3.526229213825195075e+01 3.674642068554567231e+01
5.521537058411536236e+02 2.525942285560535083e+01 2.925483669619671900e+01 3.342854409222798040e+01 3.560531071108476908e+01 3.706108650846817909e+01
5.781759082983708140e+02 2.576021760240291769e+01 2.977139122382868663e+01 3.382170406901616388e+01 3.594287651837004205e+01 3.737241080632395551e+01
6.054244993744830481e+02 2.630286039922708596e+01 3.028647274573438608e+01 3.420773805956412161e+01 3.627516844842932642e+01 3.767964564662401017e+01
6.339572769844452296e+02 2.688066600234049019e+01 3.079803310169580755e+01 3.458676619801826746e+01 3.660242380990115407e+01 3.798325858249529574e+01
6.638347629750240912e+02 2.748658506699393911e+01 3.130472219496704156e+01 3.495861349533055318e+01 3.692492519342619062e+01 3.828265269656151304e+01
6.951203314997500229e+02 2.811234947813483132e+01 3.180372344277765251e+01 3.532349997886944948e+01 3.724282324892385532e+01 3.857795961327070700e+01
7.278803434439931834e+02 2.875042391087930582e+01 3.229398768792486862e+01 3.568152473670363634e+01 3.755637044674637082e+01 3.886891957208536041e+01
7.621842871852987855e+02 2.939464941309080359e+01 3.277498988627246490e+01 3.603279437077685543e+01 3.786531046050816940e+01 3.915583017718608971e+01
7.981049259875517237e+02 3.003957514579451527e+01 3.324556804271406918e+01 3.637742958505282331e+01 3.817026340028519371e+01 3.943804087441395723e+01
8.357184523416157163e+02 3.067930439252444330e+01 3.370599143296698230e+01 3.671609950298119429e+01 3.847070173839756535e+01 3.971643442018876158e+01
8.751046495798209435e+02 3.131195684719853034e+01 3.415591264384192982e+01 3.704876233191197343e+01 3.876627840314188234e+01 3.998973238755070270e+01
9.163470611071091980e+02 3.193058319856771732e+01 3.459511762661719558e+01 3.737588208983737559e+01 3.905741679042495207e+01 4.025813014373494525e+01
9.595331676077962584e+02 3.253299385804359645e+01 3.502373019013492694e+01 3.769721560630597423e+01 3.934388299682876777e+01 4.052175958961697688e+01
1.004754572603832116e+03 3.311781172061932921e+01 3.544154393733799679e+01 3.801307596033478831e+01 3.962597768380902608e+01 4.078008911110151757e+01
1.052107196758152895e+03 3.368482442131875132e+01 3.584846022936505960e+01 3.832337751136975612e+01 3.990346454554941147e+01 4.103301355331012701e+01
1.101691481335265507e+03 3.423333877135144121e+01 3.624460053188795428e+01 3.862803147734155118e+01 4.017629936084409792e+01 4.128094357372873446e+01
1.153612601250642683e+03 3.476279287278259744e+01 3.663037755701628839e+01 3.892781503265331366e+01 4.044403262267803711e+01 4.152322485778540795e+01
1.207980688160805585e+03 3.527326216215425347e+01 3.700593635565451223e+01 3.922209116126737172e+01 4.070674722107025900e+01 4.175979811454743640e+01
1.264911064067352072e+03 3.576540211032323668e+01 3.737201013130282945e+01 3.951121336818005148e+01 4.096393252984051969e+01 4.199055608907889336e+01
1.324524485930363426e+03 3.623947608313119417e+01 3.772778455945575615e+01 3.979476784978754722e+01 4.121580936925090555e+01 4.221535088116536372e+01
1.386947401810127076e+03 3.669547759829322331e+01 3.807414251388252069e+01 4.007390145088373856e+01 4.146258794323773600e+01 4.243371767590724630e+01
1.452312219080404475e+03 3.713423920353693575e+01 3.841168949139296274e+01 4.034766661822311562e+01 4.170369563594147166e+01 4.264588380553345814e+01
1.520757585282245373e+03 3.755571921060271734e+01 3.874004943407692281e+01 4.061621595707282495e+01 4.193917913149766719e+01 4.285194904710488117e+01
1.592428682213988168e+03 3.796100402936224327e+01 3.906010772363293881e+01 4.087935080349177497e+01 4.216857292757339337e+01 4.305179924942422076e+01
1.667477533881342424e+03 3.835076626696229596e+01 3.937196195979959157e+01 4.113710889696295681e+01 4.239206243350946579e+01 4.324561057563943223e+01
1.746063328960663057e+03 3.872550521768442877e+01 3.967531932449469423e+01 4.138902089163644860e+01 4.260947560886768315e+01 4.343312616270821991e+01
1.828352758459501274e+03 3.908545944342012035e+01 3.997109651011123788e+01 4.163549533094885646e+01 4.282065199705573377e+01 4.361452112398478675e+01
1.914520369290552708e+03 3.943174218655912000e+01 4.025887411884161793e+01 4.187650418824978260e+01 4.302544809412455606e+01 4.379007496859804860e+01
2.004748934509088485e+03 3.976501524050951275e+01 4.053993776428836782e+01 4.211177357454170078e+01 4.322425049572871103e+01 4.395951782999088664e+01
2.099229840999089902e+03 4.008563866108073626e+01 4.081402138119136680e+01 4.234117817680771623e+01 4.341702625452256825e+01 4.412321863753174966e+01
2.198163495430497733e+03 4.039386528275514365e+01 4.108199565922717511e+01 4.256467344858958768e+01 4.360343070128220688e+01 4.428117465693100030e+01
2.301759749348627338e+03 4.069011105428387509e+01 4.134254348153666569e+01 4.278226988226248295e+01 4.378392056509943586e+01 4.443350875582677872e+01
2.410238344297430558e+03 4.097543428342459038e+01 4.159637325127914664e+01 4.299376803025512572e+01 4.395822137233841431e+01 4.458033288699050445e+01
2.523829377920772458e+03 4.125028341995016490e+01 4.184322260037328078e+01 4.319907054498725074e+01 4.412678052042934951e+01 4.472204432055013967e+01
2.642773792030383902e+03 4.151596883855137321e+01 4.208351415813649510e+01 4.339824797555417035e+01 4.428934998394981903e+01 4.485866548776283480e+01
2.767323883675745947e+03 4.177190133330691424e+01 4.231755336989448324e+01 4.359129735204641065e+01 4.444638009431412229e+01 4.499023701675014308e+01
2.897743840299960084e+03 4.201820522321548879e+01 4.254541337196553741e+01 4.377796914241389459e+01 4.459786747755163105e+01 4.511714652407709991e+01
3.034310300116735107e+03 4.225648886465160103e+01 4.276702802833494843e+01 4.395855271560168376e+01 4.474389430585245009e+01 4.523954175776043485e+01
3.177312938897126060e+03 4.248570391298545701e+01 4.298268041504064740e+01 4.413330466586990042e+01 4.488471764946626763e+01 4.535758024626824181e+01
3.327055084410684231e+03 4.270617151524078281e+01 4.319168507763907883e+01 4.430201777716564493e+01 4.502022077073735318e+01 4.547140363958078524e+01
3.483854359824319545e+03 4.291806750969311679e+01 4.339470828657863422e+01 4.446495727479702964e+01 4.515086954058614310e+01 4.558127276833386077e+01
3.648043357423639463e+03 4.312271433667842757e+01 4.359147798982672839e+01 4.462203566316526349e+01 4.527676325205561625e+01 4.568733314002133739e+01
3.819970344085740635e+03 4.332050062910673205e+01 4.378220387083797505e+01 4.477383050656197838e+01 4.539778608614932409e+01 4.578975738050843347e+01
4.000000000000000909e+03 4.351112973672508133e+01 4.396696688243565632e+01 4.491973169577948966e+01 4.551458607766011255e+01 4.588833546903492788e+01
4.188514192203595485e+03 4.369470195752631980e+01 4.414608612743268168e+01 4.506051918680594781e+01 4.562711926495046555e+01 4.598401349972135677e+01
4.385912784572741657e+03 4.387174637658398524e+01 4.431936039370560820e+01 4.519610809185900280e+01 4.573559245159981401e+01 4.607691938915058927e+01
