# Fig 2a
# 0. flow rate ratio, 1. 1E-4 W/m/K P_right/P_in, 2. 1E-4 W/m/K max. temp. (degC), 3. 1E-2 W/m/K P_right/P_in, 4. 1E-2 W/m/K max. temp. (degC), 5. 1E0 W/m/K P_right/P_in, 6. 1E0 W/m/K max. temp. (degC)
1.000000000000000056e-01 -2.303028051740635129e-01 4.992548584794826638e+01 -1.693754608256320959e-01 5.047446650415440672e+01 -1.693590570743738755e-01 5.212625999057439685e+01
1.031177274593055165e-01 -2.302281690032446926e-01 4.992092639312517122e+01 -1.673171592330440216e-01 5.051582427974273060e+01 -1.673451898122923498e-01 5.207814217428392567e+01
1.063326571637161072e-01 -2.301549581255443455e-01 4.991628064993278713e+01 -1.651774507333302333e-01 5.055238148074653282e+01 -1.652535662089975044e-01 5.215372698215884384e+01
1.096478196143185063e-01 -2.300831315623708684e-01 4.991165623469709089e+01 -1.629524346243839128e-01 5.058914191161716190e+01 -1.630812056339763783e-01 5.220728021557113152e+01
1.130663397949639021e-01 -2.300125714838305024e-01 4.990705537634499933e+01 -1.606377499493646388e-01 5.062570540190444035e+01 -1.608248167369476511e-01 5.227452532536864283e+01
1.165914401179831694e-01 -2.299430494955565507e-01 4.990246591326314274e+01 -1.582287662143364582e-01 5.066347444517771237e+01 -1.584809664695901454e-01 5.234695506927852193e+01
1.202264434617412725e-01 -2.298744221208872396e-01 4.989788138568513887e+01 -1.557213035153870162e-01 5.070629605533781614e+01 -1.560454685776129502e-01 5.242536364026466345e+01
1.239747763028944405e-01 -2.298071266268525426e-01 4.989333315953138026e+01 -1.531116129412412041e-01 5.075092885778929030e+01 -1.535138870866648575e-01 5.250532672835504400e+01
1.278399719463023665e-01 -2.297417812000053239e-01 4.988886430989015253e+01 -1.503950019662556592e-01 5.079324152038390139e+01 -1.508816820084691313e-01 5.260318265994629883e+01
1.318256738556407015e-01 -2.296784152290929637e-01 4.988447983031528565e+01 -1.475657090800001348e-01 5.084024335691827901e+01 -1.481440601631773546e-01 5.273071914326646947e+01
1.359356390878525556e-01 -2.296167369204263342e-01 4.988016336122228722e+01 -1.446178144020356104e-01 5.088489175173702961e+01 -1.452954643934629697e-01 5.285780192413267287e+01
1.401737418346770125e-01 -2.295565208617173780e-01 4.987590293391991736e+01 -1.415452802138562616e-01 5.093216131637660737e+01 -1.423305794998039331e-01 5.298473749577163971e+01
1.445439770745927666e-01 -2.294976489494410521e-01 4.987169343257210130e+01 -1.383417764263201732e-01 5.098342515046743983e+01 -1.392434800484949331e-01 5.311282114408015786e+01
1.490504643386195982e-01 -2.294400709371643698e-01 4.986753422084456133e+01 -1.350006787844457989e-01 5.103876447528585913e+01 -1.360278539366976125e-01 5.323961486828352463e+01
1.536974515935271290e-01 -2.293837803606954273e-01 4.986342750665721724e+01 -1.315147850294064447e-01 5.109209140275288519e+01 -1.326774148678367127e-01 5.336560810395661747e+01
1.584893192461113431e-01 -2.293287780863895176e-01 4.985937588095305273e+01 -1.278763171752102246e-01 5.114311568671962505e+01 -1.291852151315127928e-01 5.348550851433651587e+01
1.634305842723137725e-01 -2.292750540765149114e-01 4.985538113309229402e+01 -1.240770329987299914e-01 5.120126996101134864e+01 -1.255438880242616684e-01 5.359820931210026629e+01
1.685259044750751500e-01 -2.292225984540792461e-01 4.985144494373230373e+01 -1.201080843615519034e-01 5.126305881214346982e+01 -1.217453206364894763e-01 5.374350422503522395e+01
1.737800828749375415e-01 -2.291713944693526683e-01 4.984756844774778983e+01 -1.159602761567465751e-01 5.132326513705834259e+01 -1.177811724852515785e-01 5.391093523252504838e+01
1.791980722375333956e-01 -2.291214196463963737e-01 4.984375237002018366e+01 -1.116237794036494951e-01 5.137978440162208926e+01 -1.136423090677485676e-01 5.408087634853563941e+01
1.847849797422290719e-01 -2.290726500694149070e-01 4.983999715875336278e+01 -1.070880641447542747e-01 5.144801502962695849e+01 -1.093188156570512326e-01 5.425704611060444904e+01
1.905460717963247397e-01 -2.290250617667309307e-01 4.983630313890233765e+01 -1.023417652936077921e-01 5.151516682263780922e+01 -1.048001803562096240e-01 5.443453121999215227e+01
1.964867789993467451e-01 -2.289786381855695441e-01 4.983267100032253438e+01 -9.737290889281181860e-02 5.157833291484524807e+01 -1.000754273746960188e-01 5.461225972213446767e+01
2.026127012621143364e-01 -2.289333576584423324e-01 4.982910103497175669e+01 -9.216862188367275222e-02 5.164886166156435365e+01 -9.513294479980143048e-02 5.478367786108856308e+01
2.089296130854039757e-01 -2.288891958723202058e-01 4.982559330945690590e+01 -8.671514205432651057e-02 5.172211625203863150e+01 -8.996026526313181948e-02 5.496796660906471743e+01
2.154434690031883926e-01 -2.288461283815833025e-01 4.982214776955493107e+01 -8.099770714794034265e-02 5.179111572074236847e+01 -8.454349548800257907e-02 5.518505601089543688e+01
2.221604091955811655e-01 -2.288041292168485619e-01 4.981876415546724957e+01 -7.500079589142992498e-02 5.186784748673255763e+01 -7.886755686494546780e-02 5.540597801525882460e+01
2.290867652767773488e-01 -2.287631724024317137e-01 4.981544218329480600e+01 -6.870791762546676895e-02 5.194513106834841665e+01 -7.291635728912487791e-02 5.563561155936412206e+01
2.362290662634461691e-01 -2.287232370417094929e-01 4.981218184975182339e+01 -6.210179337316683312e-02 5.201706492999994680e+01 -6.667237256622411679e-02 5.586862954360577760e+01
2.435940447292027078e-01 -2.286843030564355006e-01 4.980898307607776587e+01 -5.516447352277134564e-02 5.210243213949280516e+01 -6.011644215609839720e-02 5.610089494516762443e+01
2.511886431509580131e-01 -2.286463551723114940e-01 4.980584602517581061e+01 -4.787723474524412798e-02 5.218111924878536456e+01 -5.322834184488012266e-02 5.635931707796271439e+01
2.590200204531323824e-01 -2.286093808434546959e-01 4.980277096051059971e+01 -4.022016766357806167e-02 5.226538479956849415e+01 -4.598556331125627089e-02 5.663434881471539484e+01
2.670955587558985211e-01 -2.285733680247431787e-01 4.979975808901065193e+01 -3.217269708069343814e-02 5.234846075969687718e+01 -3.836396327774487663e-02 5.691702019128047141e+01
2.754228703338166273e-01 -2.285383032611690290e-01 4.979680754598678050e+01 -2.371331745961403198e-02 5.243332055082493071e+01 -3.033710165725313559e-02 5.721192946909758348e+01
2.840098047914215162e-01 -2.285041680144713760e-01 4.979391903494320104e+01 -1.482020359542592439e-02 5.251948424262178605e+01 -2.187549759002805488e-02 5.751689691780649127e+01
2.928644564625236812e-01 -2.284709395056857828e-01 4.979109188927384366e+01 -5.471484507055032927e-03 5.260649048433270991e+01 -1.294782504346790770e-02 5.784879094890527540e+01
3.019951720402015982e-01 -2.284385933055858298e-01 4.978832528837085647e+01 4.355128293829315690e-03 5.269310625720794405e+01 -3.519116924308718624e-03 5.819032657249357499e+01
3.114105584446759667e-01 -2.284071061139402170e-01 4.978561841760296147e+01 1.468148858427909854e-02 5.278241236530459446e+01 6.449141484608383185e-03 5.854741994528711757e+01
3.211194909364822880e-01 -2.283764563697958938e-01 4.978297054680564315e+01 2.552907694097582975e-02 5.286667808268941826e+01 1.699883614475463517e-02 5.892548867714111793e+01
3.311311214825911065e-01 -2.283466245737576228e-01 4.978038100204997818e+01 3.691791921481483996e-02 5.295756381712897110e+01 2.817610975290006647e-02 5.932627529732951643e+01
3.414548873833601617e-01 -2.283175924673941926e-01 4.977784915467373139e+01 4.886664128189743828e-02 5.304129426393097901e+01 4.003237890309428032e-02 5.974297299920635851e+01
3.521005201684520025e-01 -2.282893426060159103e-01 4.977537437847081492e+01 6.139113435905414057e-02 5.312593733240834126e+01 5.262433422553960960e-02 6.018733418512147182e+01
3.630780547701014105e-01 -2.282618577551914218e-01 4.977295602282862319e+01 7.450444159141381140e-02 5.321077795337936323e+01 6.601544785391057213e-02 6.065415111579295626e+01
3.743978389823811592e-01 -2.282351208125961983e-01 4.977059340715760527e+01 8.821630024173629514e-02 5.328931171441234937e+01 8.027632633040156229e-02 6.114626657257690567e+01
3.860705432153813121e-01 -2.282091146185735719e-01 4.976828579601976799e+01 1.025313347131710101e-01 5.336368026336998582e+01 9.548654543489158708e-02 6.166569171482598222e+01
3.981071705534973137e-01 -2.281838221240266584e-01 4.976603242824575091e+01 1.174490552319076564e-01 5.343608701724099319e+01 1.117359475194290158e-01 6.221473154197315125e+01
4.105190671273079572e-01 -2.281592262848173569e-01 4.976383250747414877e+01 1.329629112896961729e-01 5.350306431754518144e+01 1.291254874028092969e-01 6.280020597757192036e+01
4.233179328088209070e-01 -2.281353101669677808e-01 4.976168520770829673e+01 1.490583965909625941e-01 5.356190838680925026e+01 1.477699802786510141e-01 6.341676408929981790e+01
4.365158322401659907e-01 -2.281120570994186469e-01 4.975958968885987588e+01 1.657129348269372193e-01 5.361206611700538360e+01 1.677988988662504066e-01 6.407383464680037832e+01
4.501252062061336656e-01 -2.280894505918689141e-01 4.975754509696548666e+01 1.828941284725000282e-01 5.365291438647074074e+01 1.893599279654298029e-01 6.476670668850863422e+01
4.641588833612779741e-01 -2.280674745539738590e-01 4.975555056468726889e+01 2.005604525023669538e-01 5.368255691759566162e+01 2.126224654900042421e-01 6.551103648120641765e+01
4.786300923226384230e-01 -2.280461130957072424e-01 4.975360521845442463e+01 2.186590200830476061e-01 5.369915277317375057e+01 2.377815634034185777e-01 6.629711136793764581e+01
4.935524741394806680e-01 -2.280253505300671168e-01 4.975170817652940514e+01 2.371259501707897177e-01 5.370101261166200857e+01 2.650611860757220439e-01 6.713760687255927451e+01
5.089400951518089355e-01 -2.280051715178323668e-01 4.974985854498538629e+01 2.558857426211806341e-01 5.368612472805995139e+01 2.947193233495672970e-01 6.803984002467723258e+01
5.248074602497726504e-01 -2.279855610641156605e-01 4.974805543411298459e+01 2.748514585996060244e-01 5.365231814646421071e+01 3.270555890084562156e-01 6.899710613903539524e+01
5.411695265464637750e-01 -2.279665043440627092e-01 4.974629795426750434e+01 2.939252783611857045e-01 5.359829369945470035e+01 3.624227849319330286e-01 7.001978187620625249e+01
5.580417174769964905e-01 -2.279479868983413093e-01 4.974458521229985308e+01 3.129994170021897504e-01 5.352214218960534708e+01 4.012369692145676403e-01 7.111778073522481236e+01
5.754399373371569260e-01 -2.279299945837972852e-01 4.974291631232301825e+01 3.319576148061242349e-01 5.342204184182514837e+01 4.439887587849493111e-01 7.229898916312652091e+01
5.933805862753280813e-01 -2.279125135956870940e-01 4.974129036628949052e+01 3.506770356133555033e-01 5.329553500545864608e+01 4.912585323655057623e-01 7.356827831955854435e+01
6.118805757518220867e-01 -2.278955303540312616e-01 4.973970648970214370e+01 3.690299509743306672e-01 5.314137389476803719e+01 5.437335016788371611e-01 7.493287966542186496e+01
6.309573444801933606e-01 -2.278790316886263323e-01 4.973816380552813143e+01 3.868876187714603287e-01 5.295873951020678305e+01 6.022252240620480368e-01 7.639603875029018809e+01
6.506288748655572052e-01 -2.278630046460754233e-01 4.973666144158363522e+01 4.041212997415611352e-01 5.274519234153797242e+01 6.676885082743485578e-01 7.797621201908833655e+01
6.709137099554113304e-01 -2.278474365332530671e-01 4.973519852399158481e+01 4.206064563341689877e-01 5.250138057934003655e+01 7.412326387699669228e-01 7.967008166120899659e+01
6.918309709189366385e-01 -2.278323149793715641e-01 4.973377419205286287e+01 4.362264408339706079e-01 5.222606973831642563e+01 8.241221515425157795e-01 8.149747647194772071e+01
7.134003750712563097e-01 -2.278176279455166042e-01 4.973238759419683674e+01 4.508746873513242437e-01 5.191978587320903671e+01 9.177477028376219703e-01 8.345048373566277178e+01
7.356422544596413760e-01 -2.278033636904704951e-01 4.973103788827722838e+01 4.644566859509240975e-01 5.158171430348323838e+01 1.023548525703253276e+00 8.553015116846842147e+01
7.585775750291837705e-01 -2.277895106787913015e-01 4.972972424030427874e+01 4.768942460638359582e-01 5.121487099911814767e+01 1.142845639008505998e+00 8.773851173342143284e+01
7.822279563860027318e-01 -2.277760576939989734e-01 4.972844582403877212e+01 4.881255906384749377e-01 5.081787147991872189e+01 1.276524457783011712e+00 9.004375914773771683e+01
8.066156921766135524e-01 -2.277629938054586689e-01 4.972720183084084056e+01 4.981068719749454643e-01 5.039414760930543480e+01 1.424503016991999216e+00 9.240086805994883434e+01
8.317637711026710789e-01 -2.277503083059077837e-01 4.972599145759085104e+01 5.068119946469175074e-01 4.994502580451523954e+01 1.584954058970298174e+00 9.473665065408556529e+01
8.576958985908941235e-01 -2.277379907270041803e-01 4.972481391316455301e+01 5.142349187325970794e-01 4.947226204617010126e+01 1.753297301886616255e+00 9.693367911569703210e+01
8.844365191385998859e-01 -2.277260308012853396e-01 4.972366841720781849e+01 5.203853732250348640e-01 4.897882525006571086e+01 1.921256145768611034e+00 9.882543902631249466e+01
9.120108393559098747e-01 -2.277144186356413746e-01 4.972255420088271194e+01 5.252905416269226802e-01 4.846725051621336888e+01 2.076592978552488145e+00 1.002043986944239009e+02
9.404448517263518381e-01 -2.277031445416744515e-01 4.972147050891896924e+01 5.289905947073458847e-01 4.793979761457597988e+01 2.204279821947622509e+00 1.008512603098677118e+02
9.697653591082493474e-01 -2.276921990570596188e-01 4.972041659871206321e+01 5.315391413888325145e-01 4.739972688795421618e+01 2.289808232825229606e+00 1.005835675568116585e+02
1.000000000000000000e+00 -2.276815729630527751e-01 4.971939174105403936e+01 5.329992415209718892e-01 4.684954268250521636e+01 2.323569253872642015e+00 9.931769885700043687e+01
1.031177274593055415e+00 -2.276712572816457780e-01 4.971839521755799751e+01 5.334414785423976513e-01 4.629142775785106778e+01 2.304296114014069641e+00 9.710524322927460616e+01
1.063326571637161599e+00 -2.276612432520724871e-01 4.971742632108350790e+01 5.329422693471067562e-01 4.572821512254699883e+01 2.239158678161148330e+00 9.411386308626833852e+01
1.096478196143185091e+00 -2.276515223349597494e-01 4.971648435856189963e+01 5.315812619856599142e-01 4.516286241468299067e+01 2.140649428197558546e+00 9.058238439571704248e+01
1.130663397949639215e+00 -2.276420862495943942e-01 4.971556864971256573e+01 5.294396605956734891e-01 4.459711702994201232e+01 2.022345696870819776e+00 8.675716842702092890e+01
1.165914401179831694e+00 -2.276329269189608095e-01 4.971467852843363744e+01 5.265985743592882518e-01 4.403325069500129985e+01 1.895887107919739911e+00 8.284345736550250194e+01
1.202264434617413169e+00 -2.276240364586667730e-01 4.971381334362382631e+01 5.231374506597420426e-01 4.347313018111742622e+01 1.769643114603582923e+00 7.898925162476160722e+01
1.239747763028944627e+00 -2.276154072658497785e-01 4.971297245628102246e+01 5.191334475816303806e-01 4.291833256435722888e+01 1.648897624812062812e+00 7.529598944681356443e+01
1.278399719463023665e+00 -2.276070318953575256e-01 4.971215523967259742e+01 5.146595303340780747e-01 4.237058478257461047e+01 1.536464963989562893e+00 7.181122280967048255e+01
1.318256738556407459e+00 -2.275989031219722847e-01 4.971136108134714959e+01 5.097846052349325197e-01 4.183109707755477302e+01 1.433500134206420640e+00 6.856100910710478047e+01
1.359356390878525556e+00 -2.275910139340962812e-01 4.971058938408850736e+01 5.045734019026472117e-01 4.130091237016534933e+01 1.340140712118465416e+00 6.555206208276422331e+01
1.401737418346770125e+00 -2.275833574807085424e-01 4.970983956142589477e+01 4.990848745178984025e-01 4.078103194043268331e+01 1.255949831648249582e+00 6.277447385931628787e+01
1.445439770745927888e+00 -2.275759271320372534e-01 4.970911103963197775e+01 4.933737553628941286e-01 4.027233167204911979e+01 1.180215429151913797e+00 6.021613855651895619e+01
1.490504643386196149e+00 -2.275687163845974137e-01 4.970840325662157966e+01 4.874892281194799226e-01 3.977534740894907372e+01 1.112115616075877167e+00 5.786129193585077246e+01
1.536974515935271679e+00 -2.275617189284784847e-01 4.970771566235276850e+01 4.814756727731154817e-01 3.929050002700654431e+01 1.050833505106550048e+00 5.569272195703518946e+01
1.584893192461114042e+00 -2.275549285849064463e-01 4.970704771767219654e+01 4.753730637158052330e-01 3.881829536132050862e+01 9.955923629010182685e-01 5.369756467355142604e+01
1.634305842723137614e+00 -2.275483393148091948e-01 4.970639888972061726e+01 4.692165628058836413e-01 3.835892099660412669e+01 9.456865161062973923e-01 5.185257385949614672e+01
1.685259044750751833e+00 -2.275419452597654824e-01 4.970576866436533692e+01 4.630373461320989037e-01 3.791248803276414492e+01 9.004879104084617669e-01 5.015126622120220645e+01
1.737800828749375359e+00 -2.275357407147985955e-01 4.970515653752579510e+01 4.568626150130577490e-01 3.747917092884182466e+01 8.594428035585461867e-01 4.857209239540105727e+01
1.791980722375333901e+00 -2.275297201000587022e-01 4.970456201379039385e+01 4.507159150361645383e-01 3.705887788153512474e+01 8.220694189359927240e-01 4.711208010695185067e+01
1.847849797422291607e+00 -2.275238780063761901e-01 4.970398461008596769e+01 4.446176494074146612e-01 3.665156678543525004e+01 7.879499300234837911e-01 4.575272312990705359e+01
1.905460717963247230e+00 -2.275182091859813682e-01 4.970342385488714854e+01 4.385852268975058421e-01 3.625714750405364839e+01 7.567205586840335396e-01 4.448823964631071703e+01
1.964867789993468117e+00 -2.275127085051759923e-01 4.970287928775883302e+01 4.326333819955133220e-01 3.587541629639412122e+01 7.280609144505234553e-01 4.331358661705507984e+01
2.026127012621143475e+00 -2.275073710403982541e-01 4.970235046215833563e+01 4.267744420037625774e-01 3.550617144679375770e+01 7.016859324942150700e-01 4.221232810655959611e+01
2.089296130854039646e+00 -2.275021919744224796e-01 4.970183694169207911e+01 4.210186725451063317e-01 3.514919147258808607e+01 6.773458300157892964e-01 4.118402050441801521e+01
2.154434690031884259e+00 -2.274971666588887775e-01 4.970133830203928937e+01 4.153743751230076775e-01 3.480421380339834059e+01 6.548279213938283938e-01 4.022201665581599173e+01
2.221604091955811544e+00 -2.274922905657791317e-01 4.970085412923367585e+01 4.098481611996719898e-01 3.447094657767280523e+01 6.339526116749893969e-01 3.932134127962200409e+01
2.290867652767773599e+00 -2.274875593356120995e-01 4.970038402156757229e+01 4.044452661900722057e-01 3.414907822646250679e+01 6.145630005985637245e-01 3.847105864864465730e+01
2.362290662634462635e+00 -2.274829687056565963e-01 4.969992758660146137e+01 3.991695881758075548e-01 3.383839976895478685e+01 5.965200791944870184e-01 3.767450841249620908e+01
2.435940447292026967e+00 -2.274785145405570641e-01 4.969948444250786679e+01 3.940238767691902066e-01 3.353847362616039618e+01 5.796999671546606558e-01 3.692227008524218945e+01
2.511886431509581019e+00 -2.274741928244343181e-01 4.969905421717294303e+01 3.890100645557902914e-01 3.324909166633256064e+01 5.639929192501077493e-01 3.621704313175411016e+01
2.590200204531323713e+00 -2.274699996586130035e-01 4.969863654806636077e+01 3.841290979221745339e-01 3.296984103519173459e+01 5.493012416312045287e-01 3.554851256542826832e+01
2.670955587558985211e+00 -2.274659312519419496e-01 4.969823108190433913e+01 3.793812387652035767e-01 3.270048942543934345e+01 5.355377724041305854e-01 3.491554112664249487e+01
2.754228703338167605e+00 -2.274619839158716073e-01 4.969783747434985344e+01 3.747661701942902601e-01 3.244068265968780906e+01 5.226248921324224694e-01 3.431924720417237040e+01
2.840098047914215051e+00 -2.274581540684420256e-01 4.969745539011154278e+01 3.702830855698761581e-01 3.219009808857515509e+01 5.104930539850908167e-01 3.375366924214409892e+01
2.928644564625237479e+00 -2.274544382389443453e-01 4.969708450299009428e+01 3.659306655710617417e-01 3.194843765442590211e+01 4.990798499246694719e-01 3.321687521803590926e+01
3.019951720402017425e+00 -2.274508330481251894e-01 4.969672449501166511e+01 3.617071966425350893e-01 3.171540385153423358e+01 4.883293201642238679e-01 3.270977769799651469e+01
3.114105584446759778e+00 -2.274473352144903426e-01 4.969637505654543475e+01 3.576108454901406608e-01 3.149070931424495257e+01 4.781909944907825616e-01 3.222738927194887992e+01
3.211194909364823769e+00 -2.274439415479836968e-01 4.969603588623601809e+01 3.536393511933942913e-01 3.127406471657138809e+01 4.686193101289478080e-01 3.176830916045366848e+01
3.311311214825911176e+00 -2.274406489530945430e-01 4.969570669080940206e+01 3.497902369192913419e-01 3.106518527793224393e+01 4.595729705078711591e-01 3.133179874752829619e+01
3.414548873833602283e+00 -2.274374544191867242e-01 4.969538718470556660e+01 3.460611479475879659e-01 3.086380199980760608e+01 4.510145519408186865e-01 3.091636239509347206e+01
3.521005201684520802e+00 -2.274343550231671951e-01 4.969507709014328611e+01 3.424491951958055780e-01 3.066963869363826234e+01 4.429100086833580585e-01 3.052130199983537295e+01
3.630780547701013994e+00 -2.274313479258541215e-01 4.969477613681988259e+01 3.389518230862845760e-01 3.048244105397259318e+01 4.352282915038383493e-01 3.014460265587320009e+01
3.743978389823812591e+00 -2.274284303681674280e-01 4.969448406205248148e+01 3.355660158408084182e-01 3.030194801720307396e+01 4.279410956900865926e-01 2.978534123394115340e+01
3.860705432153813010e+00 -2.274255996714612815e-01 4.969420061083320661e+01 3.322888201374641359e-01 3.012796340391065542e+01 4.210225316948714713e-01 2.944220816144934361e+01
3.981071705534973137e+00 -2.274228532329320152e-01 4.969392553577660010e+01 3.291172490228356229e-01 2.996020758888448654e+01 4.144488872590655903e-01 2.911425423253342615e+01
4.105190671273081016e+00 -2.274201885216959318e-01 4.969365859666243068e+01 3.260482950103524846e-01 2.979843954641171422e+01 4.081983889904857166e-01 2.880176039556818068e+01
4.233179328088208848e+00 -2.274176030886205235e-01 4.969339955779463480e+01 3.230791466388341915e-01 2.964250713071714927e+01 4.022510040294162703e-01 2.850309838142766239e+01
4.365158322401661017e+00 -2.274150945520841682e-01 4.969314818646773801e+01 3.202068841841038127e-01 2.949212125776443827e+01 3.965883128396446855e-01 2.821721874901123783e+01
4.501252062061338322e+00 -2.274126606051018740e-01 4.969290425608437545e+01 3.174287946133142468e-01 2.934715867473306616e+01 3.911933074577202962e-01 2.794339231708221405e+01
4.641588833612779297e+00 -2.274102989987777379e-01 4.969266754852446866e+01 3.147420362101360225e-01 2.920736131349093512e+01 3.860502431890960873e-01 2.768083660167161497e+01
4.786300923226384896e+00 -2.274080075497738884e-01 4.969243785263529389e+01 3.121439194413375695e-01 2.907258223380830486e+01 3.811445735627604914e-01 2.742894366598528677e+01
4.935524741394806014e+00 -2.274057841346161235e-01 4.969221496413979366e+01 3.096317146091022710e-01 2.894263142911887599e+01 3.764628160939638701e-01 2.718857545619476923e+01
5.089400951518091354e+00 -2.274036266922654925e-01 4.969199868734597203e+01 3.072027744246712544e-01 2.881732443660962417e+01 3.719924586465267469e-01 2.695813746234671271e+01
5.248074602497728058e+00 -2.274015332228049024e-01 4.969178882941997699e+01 3.048544699822787751e-01 2.869649867507519048e+01 3.677220025165625072e-01 2.673726038524790738e+01
5.411695265464637750e+00 -2.273995017828362164e-01 4.969158520257479950e+01 3.025842497187403168e-01 2.857999570457627669e+01 3.636405830556835861e-01 2.652473729343410014e+01
5.580417174769966238e+00 -2.273975304936044495e-01 4.969138762444663371e+01 3.003897058826490163e-01 2.846766284237531863e+01 3.597380089279927917e-01 2.632045953992798104e+01
5.754399373371569482e+00 -2.273956175281225123e-01 4.969119591774875744e+01 2.982683944263869735e-01 2.835934858864612806e+01 3.560048826807229450e-01 2.612429317880184954e+01
5.933805862753280813e+00 -2.273937611187026309e-01 4.969100991032348702e+01 2.962180360258457323e-01 2.825490874431255861e+01 3.524324294664120116e-01 2.593570853504780871e+01
6.118805757518222421e+00 -2.273919595459716614e-01 4.969082943485625492e+01 2.942362237755068444e-01 2.815419735951991242e+01 3.490124383121975260e-01 2.575532748015518791e+01
6.309573444801933384e+00 -2.273902111379729751e-01 4.969065432861492582e+01 2.923209307972333137e-01 2.805708579009916548e+01 3.457372192221029317e-01 2.558185038007013645e+01
6.506288748655573606e+00 -2.273885142670821202e-01 4.969048443338920151e+01 2.904699778320691816e-01 2.796344347318154178e+01 3.425995759094974669e-01 2.541477276673373353e+01
6.709137099554115302e+00 -2.273868673520526296e-01 4.969031959556264155e+01 2.886812750654255688e-01 2.787314658942358392e+01 3.395927472852039442e-01 2.525403670378938159e+01
6.918309709189365719e+00 -2.273852688562916224e-01 4.969015966577495647e+01 2.869528861089472027e-01 2.778608860538133740e+01 3.367103751907744580e-01 2.509925354482851390e+01
7.134003750712564873e+00 -2.273837172887782920e-01 4.969000449900704552e+01 2.852827912882148764e-01 2.770214194580177036e+01 3.339464959312601899e-01 2.495019310944690005e+01
7.356422544596413537e+00 -2.273822112016460062e-01 4.968985395440120101e+01 2.836691552431511720e-01 2.762119853115871138e+01 3.312954966773467014e-01 2.480682613912023271e+01
7.585775750291840147e+00 -2.273807491867881891e-01 4.968970789507852714e+01 2.821100928313161615e-01 2.754315173973020592e+01 3.287520982769459588e-01 2.466871871800077543e+01
7.822279563860029761e+00 -2.273793298778470084e-01 4.968956618808641679e+01 2.806037653564140144e-01 2.746789753062836326e+01 3.263113287058008738e-01 2.453575818311975354e+01
8.066156921766134857e+00 -2.273779519494415202e-01 4.968942870421244606e+01 2.791484958242712033e-01 2.739533904541593756e+01 3.239684898306787741e-01 2.440770202749848750e+01
8.317637711026712566e+00 -2.273766141114103578e-01 4.968929531803479449e+01 2.777426577645454864e-01 2.732538242038168619e+01 3.217191348146993257e-01 2.428431671172199913e+01
8.576958985908941457e+00 -2.273753151115203985e-01 4.968916590772607833e+01 2.763845014546763013e-01 2.725793250609490315e+01 3.195590712631971586e-01 2.416522792446738777e+01
8.844365191385998415e+00 -2.273740537336109147e-01 4.968904035497808991e+01 2.750725528503890072e-01 2.719290365962098122e+01 3.174843368965483692e-01 2.405046900111449304e+01
9.120108393559101856e+00 -2.273728287942038684e-01 4.968891854482728831e+01 2.738053899146619119e-01 2.713021280243674482e+01 3.154911710236173450e-01 2.393984324651586348e+01
9.404448517263517715e+00 -2.273716391433065753e-01 4.968880036552286583e+01 2.725814243166223561e-01 2.706977595363559885e+01 3.135760136525160280e-01 2.383334490540676143e+01
9.697653591082495694e+00 -2.273704836602273294e-01 4.968868570867942935e+01 2.713993243091180618e-01 2.701151977544895999e+01 3.117355010366105739e-01 2.373063369937511879e+01
1.000000000000000000e+01 -2.273693612605145187e-01 4.968857446898300623e+01 2.702578281454923737e-01 2.695536416069978713e+01 3.099664349636237493e-01 2.363151044934795664e+01
