# Fig 2c
# 0. flow rate ratio, 1. P_right/P_in, 2. max. temp. (degC)
1.000000000000000056e-01 2.419222172529079673e-01 4.195671937547177777e+01
1.031177274593055165e-01 2.494688368562469338e-01 4.202582408972563144e+01
1.063326571637161072e-01 2.574066445810122006e-01 4.209799705233842815e+01
1.096478196143185063e-01 2.656882904291235636e-01 4.217375116197678153e+01
1.130663397949639021e-01 2.739199063391585254e-01 4.225051817659851849e+01
1.165914401179831694e-01 2.825393786884334846e-01 4.233037432622217011e+01
1.202264434617412725e-01 2.915584790961479045e-01 4.241378238656682242e+01
1.239747763028944405e-01 3.008488177458217838e-01 4.250011560181445702e+01
1.278399719463023665e-01 3.105375080489261030e-01 4.259043439176105039e+01
1.318256738556407015e-01 3.206012421303711668e-01 4.268424859818600225e+01
1.359356390878525556e-01 3.310496004178120066e-01 4.278191338903820906e+01
1.401737418346770125e-01 3.419135964242466796e-01 4.288357765028871427e+01
1.445439770745927666e-01 3.532225428033312631e-01 4.298942249307333441e+01
1.490504643386195982e-01 3.649803688114353073e-01 4.309967562210317737e+01
1.536974515935271290e-01 3.772288053389028506e-01 4.321457773292303273e+01
1.584893192461113431e-01 3.899802645454753525e-01 4.333436137243228359e+01
1.634305842723137725e-01 4.032684090494400575e-01 4.345921825318328047e+01
1.685259044750751500e-01 4.171221017415145949e-01 4.358951462868179760e+01
1.737800828749375415e-01 4.315665941038419606e-01 4.372551403828612138e+01
1.791980722375333956e-01 4.466419869106407203e-01 4.386752608955941923e+01
1.847849797422290719e-01 4.623696277989484127e-01 4.401582539699700192e+01
1.905460717963247397e-01 4.788010035120351948e-01 4.417080049089651084e+01
1.964867789993467451e-01 4.959647881562190830e-01 4.433283163096280077e+01
2.026127012621143364e-01 5.139100439160814160e-01 4.450228509759386952e+01
2.089296130854039757e-01 5.326711360832612208e-01 4.467958766149689609e+01
2.154434690031883926e-01 5.523128029012494000e-01 4.486525816836916647e+01
2.221604091955811655e-01 5.728895227695297576e-01 4.505984358175459192e+01
2.290867652767773488e-01 5.944510655992927273e-01 4.526386686088937950e+01
2.362290662634461691e-01 6.170637839929692392e-01 4.547783501811977658e+01
2.435940447292027078e-01 6.407740771754395492e-01 4.570238631780915739e+01
2.511886431509580131e-01 6.656691877853728734e-01 4.593819342669689831e+01
2.590200204531323824e-01 6.918162663189486583e-01 4.618600135390079231e+01
2.670955587558985211e-01 7.193168742299659302e-01 4.644661818464589942e+01
2.754228703338166273e-01 7.482415288642794149e-01 4.672091894118779010e+01
2.840098047914215162e-01 7.787077479851005624e-01 4.700985998334999749e+01
2.928644564625236812e-01 8.108131640007689711e-01 4.731449007036081866e+01
3.019951720402015982e-01 8.446862163288769709e-01 4.763595927556013976e+01
3.114105584446759667e-01 8.804558256317290832e-01 4.797552869570927214e+01
3.211194909364822880e-01 9.182646033178357703e-01 4.833457843904574247e+01
3.311311214825911065e-01 9.582788587469396324e-01 4.871463739588881481e+01
3.414548873833601617e-01 1.000663085665929541e+00 4.911738459113757926e+01
3.521005201684520025e-01 1.045630893610966394e+00 4.954470446240645742e+01
3.630780547701014105e-01 1.093385200604840568e+00 4.999869294293239363e+01
3.743978389823811592e-01 1.144185790524535840e+00 5.048168642215404134e+01
3.860705432153813121e-01 1.198287242088883042e+00 5.099625099807860806e+01
3.981071705534973137e-01 1.256006763758948708e+00 5.154528602772506929e+01
4.105190671273079572e-01 1.317676908272472192e+00 5.213206864306687294e+01
4.233179328088209070e-01 1.383688223736670109e+00 5.276026350860001912e+01
4.365158322401659907e-01 1.454470611821589321e+00 5.343400200394103194e+01
4.501252062061336656e-01 1.530512706436628401e+00 5.415796407757176212e+01
4.641588833612779741e-01 1.612381133472124972e+00 5.493741142997907900e+01
4.786300923226384230e-01 1.700701760193013223e+00 5.577830419940028150e+01
4.935524741394806680e-01 1.796199740488546581e+00 5.668742411263519898e+01
5.089400951518089355e-01 1.899674217856231806e+00 5.767234739109011343e+01
5.248074602497726504e-01 2.012056539934892641e+00 5.874162914066334906e+01
5.411695265464637750e-01 2.134383218596456189e+00 5.990481291025656674e+01
5.580417174769964905e-01 2.267828869060469099e+00 6.117261569354684525e+01
5.754399373371569260e-01 2.413702703961000395e+00 6.255667470539589203e+01
5.933805862753280813e-01 2.573446953675937010e+00 6.406954029293734720e+01
6.118805757518220867e-01 2.748599374496054182e+00 6.572431961944846535e+01
6.309573444801933606e-01 2.940718632476747363e+00 6.753363036553548682e+01
6.506288748655572052e-01 3.151343689899259726e+00 6.950906306933330825e+01
6.709137099554113304e-01 3.381942805909355254e+00 7.166040959572796964e+01
6.918309709189366385e-01 3.633689779199187342e+00 7.399362230783583527e+01
7.134003750712563097e-01 3.907063208258271469e+00 7.650651008514586238e+01
7.356422544596413760e-01 4.201654008679309271e+00 7.919894029941553981e+01
7.585775750291837705e-01 4.515695863578789826e+00 8.203565777525233216e+01
7.822279563860027318e-01 4.845533705027610161e+00 8.496955164117599679e+01
8.066156921766135524e-01 5.185007724761455883e+00 8.792982664060150455e+01
8.317637711026710789e-01 5.525271167456727639e+00 9.081918132343082561e+01
8.576958985908941235e-01 5.854660160233983390e+00 9.351509927480378792e+01
8.844365191385998859e-01 6.159297587897182957e+00 9.587626630368885117e+01
9.120108393559098747e-01 6.424316092837904613e+00 9.777442133299410898e+01
9.404448517263518381e-01 6.635811396163446396e+00 9.907058932016599329e+01
9.697653591082493474e-01 6.783090760569184141e+00 9.967184502996741458e+01
1.000000000000000000e+00 6.860474732461870673e+00 9.954582663468283954e+01
1.031177274593055415e+00 6.868137703957410523e+00 9.871960293413337695e+01
1.063326571637161599e+00 6.811810497396361797e+00 9.727544894293038169e+01
1.096478196143185091e+00 6.701230008886067679e+00 9.533229811584959634e+01
1.130663397949639215e+00 6.548236008582420276e+00 9.303054593879585354e+01
1.165914401179831694e+00 6.364887492303615169e+00 9.049321412288600186e+01
1.202264434617413169e+00 6.162239186599826724e+00 8.783459089682247622e+01
1.239747763028944627e+00 5.949534926123624778e+00 8.514657881266111872e+01
1.278399719463023665e+00 5.734012449281459922e+00 8.249811798324157053e+01
1.318256738556407459e+00 5.521009783249765768e+00 7.993711408663961038e+01
1.359356390878525556e+00 5.314231961163792484e+00 7.749432222553923566e+01
1.401737418346770125e+00 5.116072318414729203e+00 7.518726220386855630e+01
1.445439770745927888e+00 4.927947521019131472e+00 7.302384379200088915e+01
1.490504643386196149e+00 4.750549878171153040e+00 7.100518146036085909e+01
1.536974515935271679e+00 4.584055490692108492e+00 6.912789875105153214e+01
1.584893192461114042e+00 4.428304976248048419e+00 6.738581361133765313e+01
1.634305842723137614e+00 4.282919250283441670e+00 6.577115700210174509e+01
1.685259044750751833e+00 4.147382368781864947e+00 6.427535909730494268e+01
1.737800828749375359e+00 4.021105150687247054e+00 6.288954759411706164e+01
1.791980722375333901e+00 3.903490181965913131e+00 6.160525773495749036e+01
1.847849797422291607e+00 3.793944402397210869e+00 6.041443886261959051e+01
1.905460717963247230e+00 3.691932581178199779e+00 5.931003190480953435e+01
1.964867789993468117e+00 3.596755261324163566e+00 5.828347403063469301e+01
2.026127012621143475e+00 3.507911196376849450e+00 5.732847440649391046e+01
2.089296130854039646e+00 3.424909920692966292e+00 5.643904794134601843e+01
2.154434690031884259e+00 3.347292635483929857e+00 5.560964344914373214e+01
2.221604091955811544e+00 3.274634069162065675e+00 5.483522050662713809e+01
2.290867652767773599e+00 3.206544922735525383e+00 5.411120974577858078e+01
2.362290662634462635e+00 3.142671175052996091e+00 5.343348287358651305e+01
2.435940447292026967e+00 3.082686807132215101e+00 5.279827957574792663e+01
2.511886431509581019e+00 3.026293470107436878e+00 5.220219173738416885e+01
2.590200204531323713e+00 2.973219577137806713e+00 5.164213498215400477e+01
2.670955587558985211e+00 2.923221095420591276e+00 5.111535466624195578e+01
2.754228703338167605e+00 2.876070938358091134e+00 5.061930179919960437e+01
2.840098047914215051e+00 2.831561313036761174e+00 5.015165963271266492e+01
2.928644564625237479e+00 2.789502017397318401e+00 4.971031951086166600e+01
3.019951720402017425e+00 2.749721774179478384e+00 4.929339058906532500e+01
3.114105584446759778e+00 2.712060793255062663e+00 4.889912492053088044e+01
3.211194909364823769e+00 2.676372555311522294e+00 4.852594660847773866e+01
3.311311214825911176e+00 2.642541990902018689e+00 4.817240267650129226e+01
3.414548873833602283e+00 2.610437519153621988e+00 4.783716801712466804e+01
3.521005201684520802e+00 2.579965090468990585e+00 4.751902741473463720e+01
3.630780547701013994e+00 2.551073533646936120e+00 4.721687923285952593e+01
3.743978389823812591e+00 2.523654011066103653e+00 4.692970475919992168e+01
3.860705432153813010e+00 2.497588429331677684e+00 4.665654340278189238e+01
3.981071705534973137e+00 2.472790785138124559e+00 4.639653691787964362e+01
4.105190671273081016e+00 2.449174103486694509e+00 4.614886840053600281e+01
4.233179328088208848e+00 2.426670960357858675e+00 4.591280997878629933e+01
4.365158322401661017e+00 2.405217959941927219e+00 4.568766943858781815e+01
4.501252062061338322e+00 2.384755891651905824e+00 4.547281096226453201e+01
4.641588833612779297e+00 2.365229953965860776e+00 4.526764188569592307e+01
4.786300923226384896e+00 2.346590904071013561e+00 4.507161831909104421e+01
4.935524741394806014e+00 2.328791429762676835e+00 4.488422349846666748e+01
5.089400951518091354e+00 2.311790082112416655e+00 4.470499335769875415e+01
5.248074602497728058e+00 2.295547469167693144e+00 4.453348788853156748e+01
5.411695265464637750e+00 2.280027121240907562e+00 4.436930026445452313e+01
5.580417174769966238e+00 2.265195044483698794e+00 4.421204627628890194e+01
5.754399373371569482e+00 2.251019435493437193e+00 4.406136328193844065e+01
5.933805862753280813e+00 2.237472654385256998e+00 4.391692279216778161e+01
6.118805757518222421e+00 2.224528779424077563e+00 4.377840801478697585e+01
6.309573444801933384e+00 2.212164935117066911e+00 4.364552852139109973e+01
6.506288748655573606e+00 2.200360055292248429e+00 4.351800512366997964e+01
6.709137099554115302e+00 2.189096576991016008e+00 4.339558231350116557e+01
6.918309709189365719e+00 2.178359295053970079e+00 4.327801670961463287e+01
7.134003750712564873e+00 2.168136219958045174e+00 4.316508415178981295e+01
7.356422544596413537e+00 2.158416883981283174e+00 4.305656100949215670e+01
7.585775750291840147e+00 2.149195615513801449e+00 4.295225751739502584e+01
7.822279563860029761e+00 2.140469654324107740e+00 4.285198563512585679e+01
8.066156921766134857e+00 2.132239738028790299e+00 4.275556813854620941e+01
8.317637711026712566e+00 2.124507480578054164e+00 4.266283600435042445e+01
8.576958985908941457e+00 2.117270663364286598e+00 4.257363144943479938e+01
8.844365191385998415e+00 2.110513391843733544e+00 4.248780086803361655e+01
9.120108393559101856e+00 2.104194479974732523e+00 4.240519579493519586e+01
9.404448517263517715e+00 2.098877584175687705e+00 4.232582456753164024e+01
9.697653591082495694e+00 2.094509315992284737e+00 4.224956558855905087e+01
1.000000000000000000e+01 2.091367162278390257e+00 4.217642828147626233e+01
