# Fig 2d
# 0. flow rate ratio, 1. GOR, 2. max. temp. (degC)
1.000000000000000056e-01 -2.271028479246419221e-02 5.343681004557492997e+01
1.031177274593055165e-01 -2.112812614372030356e-02 5.352872264135868363e+01
1.063326571637161072e-01 -1.947414862345471856e-02 5.361912362795055742e+01
1.096478196143185063e-01 -1.774768401795729159e-02 5.371307654643470642e+01
1.130663397949639021e-01 -1.594567881578699484e-02 5.381036760845182698e+01
1.165914401179831694e-01 -1.406623413814046125e-02 5.391090894736822747e+01
1.202264434617412725e-01 -1.210396679637926187e-02 5.401539425002385997e+01
1.239747763028944405e-01 -1.005364002954447188e-02 5.412438832184363946e+01
1.278399719463023665e-01 -7.911280724674197087e-03 5.423799283764276424e+01
1.318256738556407015e-01 -5.672672784392702831e-03 5.435647440500605398e+01
1.359356390878525556e-01 -3.332510944683755600e-03 5.448005611626211930e+01
1.401737418346770125e-01 -8.860809360853748231e-04 5.460916722490708253e+01
1.445439770745927666e-01 1.671698725081173812e-03 5.474411971722048520e+01
1.490504643386195982e-01 4.388306908559533835e-03 5.490235441701787522e+01
1.536974515935271290e-01 7.181332760657415000e-03 5.504754583967650206e+01
1.584893192461113431e-01 1.010588049275958425e-02 5.520047866428745920e+01
1.634305842723137725e-01 1.316896636838338699e-02 5.536024746284300591e+01
1.685259044750751500e-01 1.637950075837252273e-02 5.552732570990445993e+01
1.737800828749375415e-01 1.974416263321691900e-02 5.570189257895191304e+01
1.791980722375333956e-01 2.327311250743487048e-02 5.588452726624950628e+01
1.847849797422290719e-01 2.698061842140474231e-02 5.607689024810554201e+01
1.905460717963247397e-01 3.087698727990838277e-02 5.627935095796431142e+01
1.964867789993467451e-01 3.496957033335242049e-02 5.649109454469220282e+01
2.026127012621143364e-01 3.926947513841649168e-02 5.671221849101351609e+01
2.089296130854039757e-01 4.378920140380223452e-02 5.694304029071770401e+01
2.154434690031883926e-01 4.854220473236214167e-02 5.718403188538275117e+01
2.221604091955811655e-01 5.354287391753843189e-02 5.743590152419625383e+01
2.290867652767773488e-01 5.880892109306964932e-02 5.769941029840089186e+01
2.362290662634461691e-01 6.434571493697545386e-02 5.797501397138404400e+01
2.435940447292027078e-01 7.017440846995635917e-02 5.826336570757541722e+01
2.511886431509580131e-01 7.631869316994527308e-02 5.856557719623754110e+01
2.590200204531323824e-01 8.280341528510472282e-02 5.888218308847774551e+01
2.670955587558985211e-01 8.965253966908429129e-02 5.921431589937589024e+01
2.754228703338166273e-01 9.689459530545004029e-02 5.956329766441439233e+01
2.840098047914215162e-01 1.045575033232268858e-01 5.993002813985430066e+01
2.928644564625236812e-01 1.126730374504989751e-01 6.031569476065538993e+01
3.019951720402015982e-01 1.212797528478652548e-01 6.072234675365297107e+01
3.114105584446759667e-01 1.304126719935760070e-01 6.115112116989570268e+01
3.211194909364822880e-01 1.401107553291053576e-01 6.160326074927007767e+01
3.311311214825911065e-01 1.504152163971332057e-01 6.208010081407689995e+01
3.414548873833601617e-01 1.613729953102538972e-01 6.258333489528484961e+01
3.521005201684520025e-01 1.730346995467341720e-01 6.311466374737938168e+01
3.630780547701014105e-01 1.854563709503865565e-01 6.367602617477319882e+01
3.743978389823811592e-01 1.986980875662084645e-01 6.426952816726003448e+01
3.860705432153813121e-01 2.128262662063630517e-01 6.489730147287446016e+01
3.981071705534973137e-01 2.278972261648129771e-01 6.556076795611187435e+01
4.105190671273079572e-01 2.439652135581284187e-01 6.626111340758723145e+01
4.233179328088209070e-01 2.611048686898163607e-01 6.700020327107489493e+01
4.365158322401659907e-01 2.794183757520092293e-01 6.778221894993635033e+01
4.501252062061336656e-01 2.989962663573771939e-01 6.861017004832820021e+01
4.641588833612779741e-01 3.199289153659602425e-01 6.948701819655587997e+01
4.786300923226384230e-01 3.423205836204206709e-01 7.041603656473029105e+01
4.935524741394806680e-01 3.662625926084686068e-01 7.139970411055071509e+01
5.089400951518089355e-01 3.918487383373068789e-01 7.244006336951377989e+01
5.248074602497726504e-01 4.191597091052292057e-01 7.353828355569595487e+01
5.411695265464637750e-01 4.482586914519292032e-01 7.469458103475733424e+01
5.580417174769964905e-01 4.792718152992478942e-01 7.591383282743402106e+01
5.754399373371569260e-01 5.123334436254336488e-01 7.720089226450539854e+01
5.933805862753280813e-01 5.474649797101690529e-01 7.855341450315972907e+01
6.118805757518220867e-01 5.847407290558453985e-01 7.997328388302577196e+01
6.309573444801933606e-01 6.241868178164438064e-01 8.145946021208953880e+01
6.506288748655572052e-01 6.657755428122285046e-01 8.300934594458681204e+01
6.709137099554113304e-01 7.094425017871399675e-01 8.461876583789620554e+01
6.918309709189366385e-01 7.550405356032187099e-01 8.628000980008300758e+01
7.134003750712563097e-01 8.022982293688131206e-01 8.798005835095074190e+01
7.356422544596413760e-01 8.508019121989658373e-01 8.970032485829403868e+01
7.585775750291837705e-01 9.000995878021940122e-01 9.142280982239020659e+01
7.822279563860027318e-01 9.494177580819239681e-01 9.311670189473147730e+01
8.066156921766135524e-01 9.977512184397440143e-01 9.474413296206080304e+01
8.317637711026710789e-01 1.043810978273376877e+00 9.625267167223711340e+01
8.576958985908941235e-01 1.086013690650686092e+00 9.758215975298713829e+01
8.844365191385998859e-01 1.122567486272076476e+00 9.866485281215562964e+01
9.120108393559098747e-01 1.151648335860734784e+00 9.943421224562194993e+01
9.404448517263518381e-01 1.171689389774017931e+00 9.983447949914852870e+01
9.697653591082493474e-01 1.181607096667960155e+00 9.983011307229617159e+01
1.000000000000000000e+00 1.181071228885225421e+00 9.941482826969553344e+01
1.031177274593055415e+00 1.170581625941626625e+00 9.861413859501180923e+01
1.063326571637161599e+00 1.151358654316563923e+00 9.747966817468045519e+01
1.096478196143185091e+00 1.125106411545292673e+00 9.608054031823883179e+01
1.130663397949639215e+00 1.093715342228942955e+00 9.449176859142556850e+01
1.165914401179831694e+00 1.058990084701587620e+00 9.278398101452916080e+01
1.202264434617413169e+00 1.022489873903350110e+00 9.101787139119045378e+01
1.239747763028944627e+00 9.854340892898473259e-01 8.924052992107482396e+01
1.278399719463023665e+00 9.487341680377610054e-01 8.748712306408435779e+01
1.318256738556407459e+00 9.130005875241974378e-01 8.578093715019286947e+01
1.359356390878525556e+00 8.786501247684370686e-01 8.413804701472747638e+01
1.401737418346770125e+00 8.459007977466705963e-01 8.256648056315987105e+01
1.445439770745927888e+00 8.149111626151694932e-01 8.107284758006562697e+01
1.490504643386196149e+00 7.857026873840706749e-01 7.965749161879091389e+01
1.536974515935271679e+00 7.582526335111792193e-01 7.831936717882098264e+01
1.584893192461114042e+00 7.324226573126159101e-01 7.705202571500655040e+01
1.634305842723137614e+00 7.081968557614741755e-01 7.585528405704269517e+01
1.685259044750751833e+00 6.855413930727639604e-01 7.472831637771531632e+01
1.737800828749375359e+00 6.643394097299668566e-01 7.366610359413277820e+01
1.791980722375333901e+00 6.444998865823129419e-01 7.266504118753329067e+01
1.847849797422291607e+00 6.259300025746848961e-01 7.172135805702595235e+01
1.905460717963247230e+00 6.085390500940203173e-01 7.083131709790455943e+01
1.964867789993468117e+00 5.922471416441211778e-01 6.999175000202939145e+01
2.026127012621143475e+00 5.769729358496044069e-01 6.919923218136710830e+01
2.089296130854039646e+00 5.626436837929080781e-01 6.845081398404931861e+01
2.154434690031884259e+00 5.491886773020898671e-01 6.774349565570923914e+01
2.221604091955811544e+00 5.365470062509860583e-01 6.707482739697894658e+01
2.290867652767773599e+00 5.246596315999446647e-01 6.644230833539785408e+01
2.362290662634462635e+00 5.134745912118084954e-01 6.584371597683752952e+01
2.435940447292026967e+00 5.029434620447759130e-01 6.527694718874965929e+01
2.511886431509581019e+00 4.930216606337535223e-01 6.474011143409160240e+01
2.590200204531323713e+00 4.836664989785395274e-01 6.423134591672339866e+01
2.670955587558985211e+00 4.748392810993932178e-01 6.374899041115332921e+01
2.754228703338167605e+00 4.665032051063676133e-01 6.329145464213422656e+01
2.840098047914215051e+00 4.586265365279046380e-01 6.285727736760134121e+01
2.928644564625237479e+00 4.511786210204273284e-01 6.244506102076331899e+01
3.019951720402017425e+00 4.441310686707747313e-01 6.205353479199447975e+01
3.114105584446759778e+00 4.374578570592210780e-01 6.168160229499284242e+01
3.211194909364823769e+00 4.311352302923200930e-01 6.132810066223606782e+01
3.311311214825911176e+00 4.251419719265536745e-01 6.099203561286350350e+01
3.414548873833602283e+00 4.194579526061386066e-01 6.067248299816606050e+01
3.521005201684520802e+00 4.140647895970247516e-01 6.036859773874181201e+01
3.630780547701013994e+00 4.089455967730803443e-01 6.007959854742159678e+01
3.743978389823812591e+00 4.040846225748757625e-01 5.980474284266460927e+01
3.860705432153813010e+00 3.994663835631171445e-01 5.954328708773158496e+01
3.981071705534973137e+00 3.950730802766416194e-01 5.929430586055059393e+01
4.105190671273081016e+00 3.908948371154293278e-01 5.905728222075504164e+01
4.233179328088208848e+00 3.869149158691906343e-01 5.883134645325304746e+01
4.365158322401661017e+00 3.831231429005909073e-01 5.861598516054624497e+01
4.501252062061338322e+00 3.795041387972238334e-01 5.841031564081396255e+01
4.641588833612779297e+00 3.760487366445243174e-01 5.821395307534788799e+01
4.786300923226384896e+00 3.727471223996464689e-01 5.802634562131856910e+01
4.935524741394806014e+00 3.695892391112793329e-01 5.784697668022232619e+01
5.089400951518091354e+00 3.665678292547035477e-01 5.767542891005871297e+01
5.248074602497728058e+00 3.636751432509610638e-01 5.751133625487113932e+01
5.411695265464637750e+00 3.609051804166453215e-01 5.735440973339848370e+01
5.580417174769966238e+00 3.582501745886744193e-01 5.720421273073714019e+01
5.754399373371569482e+00 3.557049421891418373e-01 5.706047589359997119e+01
5.933805862753280813e+00 3.532657621288163297e-01 5.692304602046510809e+01
6.118805757518222421e+00 3.509260052584531331e-01 5.679154061787357932e+01
6.309573444801933384e+00 3.486777007087493163e-01 5.666547249610380277e+01
6.506288748655573606e+00 3.465142319828378170e-01 5.654445369678552424e+01
6.709137099554115302e+00 3.444324187048140584e-01 5.642832110387956845e+01
6.918309709189365719e+00 3.424275501140551792e-01 5.631680093865952585e+01
7.134003750712564873e+00 3.404930120729666165e-01 5.620948946233011156e+01
7.356422544596413537e+00 3.386335505385513200e-01 5.610679655679109601e+01
7.585775750291840147e+00 3.368564253520610619e-01 5.600930050974744745e+01
7.822279563860029761e+00 3.351494794965944046e-01 5.591616139135362573e+01
8.066156921766134857e+00 3.335059060184367152e-01 5.582694133163494143e+01
8.317637711026712566e+00 3.319223272978102379e-01 5.574147906718548029e+01
8.576958985908941457e+00 3.303905333423900470e-01 5.565921740138958285e+01
8.844365191385998415e+00 3.289043873973355181e-01 5.557972061912124673e+01
9.120108393559101856e+00 3.274602117603491735e-01 5.550270868559147175e+01
9.404448517263517715e+00 3.260551573264832137e-01 5.542804870359162805e+01
9.697653591082495694e+00 3.246872672705175544e-01 5.535562233336395366e+01
1.000000000000000000e+01 3.233555233732752776e-01 5.528537128205289264e+01
