# Fig 2e
# 0. flow rate ratio, 1. GOR, 2. max. temp. (degC)
1.000000000000000000e+02 1.726518530896630765e-01 6.302907707094351508e+01
1.031177274593054847e+02 1.801079967890714395e-01 6.331608074002531339e+01
1.063326571637161635e+02 1.879906798501548848e-01 6.361719194815356104e+01
1.096478196143185073e+02 1.963416461472047569e-01 6.393510124133359795e+01
1.130663397949638664e+02 2.052395692937981631e-01 6.427164398945114954e+01
1.165914401179832254e+02 2.147089818387555582e-01 6.462986693730522347e+01
1.202264434617413116e+02 2.248093022425438070e-01 6.501066242342824353e+01
1.239747763028944121e+02 2.355999264987835018e-01 6.541691451365653620e+01
1.278399719463022990e+02 2.471564755644205802e-01 6.585050068524373046e+01
1.318256738556407299e+02 2.596696857810974479e-01 6.632432263023179075e+01
1.359356390878525644e+02 2.734218231621616813e-01 6.686243136476520021e+01
1.401737418346769459e+02 2.874955710280489574e-01 6.738646283242979962e+01
1.445439770745927888e+02 3.024118665940206951e-01 6.793868049730212988e+01
1.490504643386196051e+02 3.182330587621023943e-01 6.852256316951906001e+01
1.536974515935270915e+02 3.350377434187997716e-01 6.914046875729110297e+01
1.584893192461114211e+02 3.531354430407113165e-01 6.980981880873724776e+01
1.634305842723137800e+02 3.721914894274537811e-01 7.050791246227163356e+01
1.685259044750750945e+02 3.925737161490728266e-01 7.125640101483554645e+01
1.737800828749376194e+02 4.141528563511490124e-01 7.204442397375373730e+01
1.791980722375334096e+02 4.369458469444375548e-01 7.287376006438938703e+01
1.847849797422290692e+02 4.609815849475565330e-01 7.374413722261306248e+01
1.905460717963248385e+02 4.864624881793043198e-01 7.466564889832977769e+01
1.964867789993467966e+02 5.128058734860995171e-01 7.560862110203697739e+01
2.026127012621143422e+02 5.415935228289704417e-01 7.665553521195187159e+01
2.089296130854038722e+02 5.700585457686924151e-01 7.766321608880008398e+01
2.154434690031884543e+02 5.996442643406209028e-01 7.871104400026297299e+01
2.221604091955811668e+02 6.308348711336356773e-01 7.982209325428704005e+01
2.290867652767772427e+02 6.626355156052781137e-01 8.095599800310321825e+01
2.362290662634462706e+02 6.954734128250656955e-01 8.216029356132253270e+01
2.435940447292027216e+02 7.289565839396489055e-01 8.338533720284004858e+01
2.511886431509579722e+02 7.630427936113682863e-01 8.463194336751689661e+01
2.590200204531325312e+02 7.974408515966809885e-01 8.588563058509924986e+01
2.670955587558985371e+02 8.331712921671459160e-01 8.719591008551901723e+01
2.754228703338166042e+02 8.675119122132159966e-01 8.843156488739720089e+01
2.840098047914213453e+02 9.017694607396260498e-01 8.966173521030873417e+01
2.928644564625237194e+02 9.359308037935565316e-01 9.088510182433270757e+01
3.019951720402016235e+02 9.695469403092171756e-01 9.208360077369479768e+01
3.114105584446758144e+02 1.002917836115280181e+00 9.326575188377830727e+01
3.211194909364824071e+02 1.034961237894290731e+00 9.438822387613578258e+01
3.311311214825910838e+02 1.065969468865690883e+00 9.546579290390752703e+01
3.414548873833600737e+02 1.096089993199366175e+00 9.650913489912130672e+01
3.521005201684520785e+02 1.123199412140527098e+00 9.741703632363658016e+01
3.630780547701014029e+02 1.148846530867199567e+00 9.825702118541062191e+01
3.743978389823810744e+02 1.170622189409621372e+00 9.893659608351242696e+01
3.860705432153815195e+02 1.188670680673649338e+00 9.945552731839387661e+01
3.981071705534973262e+02 1.202084232183996626e+00 9.977636062638509884e+01
4.105190671273078351e+02 1.209875894409754293e+00 9.986357290458840907e+01
4.233179328088211264e+02 1.212398229226830937e+00 9.971871906722549284e+01
4.365158322401661053e+02 1.207964909331302517e+00 9.930718627505223139e+01
4.501252062061336687e+02 1.199286235840524073e+00 9.876224471965957719e+01
4.641588833612781855e+02 1.186188994444026479e+00 9.809721260245925123e+01
4.786300923226385180e+02 1.171033688832536113e+00 9.741656713147244773e+01
4.935524741394806369e+02 1.153487729487976621e+00 9.669849758196096445e+01
5.089400951518088618e+02 1.134549678011824048e+00 9.597011713832591795e+01
5.248074602497728165e+02 1.114542641462422434e+00 9.523357067743023663e+01
5.411695265464637714e+02 1.094822767694303867e+00 9.452968200908719609e+01
5.580417174769963822e+02 1.074186634484041392e+00 9.380809450508553482e+01
5.754399373371566071e+02 1.053086131882545962e+00 9.308293638845748319e+01
5.933805862753281417e+02 1.032001356084788490e+00 9.236796828623863576e+01
6.118805757518218797e+02 1.010567139356775890e+00 9.164686936364262237e+01
6.309573444801930009e+02 9.896707699206368503e-01 9.094871903917601230e+01
6.506288748655573499e+02 9.682795631259653035e-01 9.023763617321282027e+01
6.709137099554112638e+02 9.471200009341735893e-01 8.953787766144927218e+01
6.918309709189362593e+02 9.258074439519233811e-01 8.883448134898441140e+01
7.134003750712564624e+02 9.046382198210248804e-01 8.813751945511694430e+01
7.356422544596413218e+02 8.840420981132478540e-01 8.745997133014401470e+01
7.585775750291835493e+02 8.631455630107733867e-01 8.677303511076206632e+01
7.822279563860029157e+02 8.423819348165424437e-01 8.609089901772523490e+01
8.066156921766134928e+02 8.218605170732324883e-01 8.541689641571230140e+01
8.317637711026708303e+02 8.015097852080909080e-01 8.474887082689502904e+01
8.576958985908945579e+02 7.812430557436547129e-01 8.408258479859495083e+01
8.844365191385999196e+02 7.611542220176620299e-01 8.342198129590070721e+01
9.120108393559096385e+02 7.412680547572710887e-01 8.276742591265053761e+01
9.404448517263523399e+02 7.216578031086606781e-01 8.212307422757282893e+01
9.697653591082496405e+02 7.021477623676573021e-01 8.148002896570477560e+01
1.000000000000000000e+03 6.828318354841229620e-01 8.084336886681848000e+01
1.031177274593055927e+03 6.637256664851942656e-01 8.021286070142139124e+01
1.063326571637161578e+03 6.448242257514394948e-01 7.958906869522633087e+01
1.096478196143185187e+03 6.262022551159885930e-01 7.897642438771231355e+01
1.130663397949639830e+03 6.077965130207936273e-01 7.836513562054034310e+01
1.165914401179831202e+03 5.897151700925921114e-01 7.775886740766372895e+01
1.202264434617413144e+03 5.717600288571986766e-01 7.716268087472309389e+01
1.239747763028945428e+03 5.541283689215926733e-01 7.657838911385465508e+01
1.278399719463023075e+03 5.366046497381075087e-01 7.599705887838558738e+01
1.318256738556407527e+03 5.191162795436718991e-01 7.542664516753632142e+01
1.359356390878525417e+03 5.019154200299951185e-01 7.486416286945018328e+01
1.401737418346769346e+03 4.849746000973227389e-01 7.430899259729028472e+01
1.445439770745927945e+03 4.683041027381387167e-01 7.376585081768433838e+01
1.490504643386196221e+03 4.518170430004591620e-01 7.322749854676300174e+01
1.536974515935271029e+03 4.355294420278189027e-01 7.269790799287346772e+01
1.584893192461114040e+03 4.194411770396710981e-01 7.217674041968297161e+01
1.634305842723137630e+03 4.036019466988589044e-01 7.166962601686020662e+01
1.685259044750750945e+03 3.879181745201359388e-01 7.116681188281495452e+01
1.737800828749376251e+03 3.724292153690492713e-01 7.067369708080178725e+01
1.791980722375333926e+03 3.571392633703773800e-01 7.019015605684796810e+01
1.847849797422290749e+03 3.420284859747412809e-01 6.971672636839389270e+01
1.905460717963248271e+03 3.271249038830058575e-01 6.925617660885518490e+01
1.964867789993468023e+03 3.124158162060045041e-01 6.880324106336757950e+01
2.026127012621143194e+03 2.978912739761749862e-01 6.836084016076603120e+01
2.089296130854040712e+03 2.835440421749333972e-01 6.793240351523900245e+01
2.154434690031884656e+03 2.693942566836564079e-01 6.751062598987743968e+01
2.221604091955811782e+03 2.554234512171296156e-01 6.710047469445260049e+01
2.290867652767774871e+03 2.415929601383369485e-01 6.669907308134401092e+01
2.362290662634462933e+03 2.279324480411859255e-01 6.630931779309747753e+01
2.435940447292026874e+03 2.144276807547219055e-01 6.593356439611585529e+01
2.511886431509582053e+03 2.010598749271634567e-01 6.556386042973639405e+01
2.590200204531322470e+03 1.877972046202484313e-01 6.520185924604845695e+01
2.670955587558985371e+03 1.747487545954647947e-01 6.485219515553683323e+01
2.754228703338168998e+03 1.618436630071773685e-01 6.451758225638889144e+01
2.840098047914213566e+03 1.490215364078900373e-01 6.418415160145275422e+01
2.928644564625237308e+03 1.363393251960262065e-01 6.386079874268921230e+01
3.019951720402018964e+03 1.237574068733899718e-01 6.354456080025772735e+01
3.114105584446758257e+03 1.113196918901087074e-01 6.324005364074724866e+01
3.211194909364824071e+03 9.907410762681603811e-02 6.295666879433935037e+01
3.311311214825911065e+03 8.709127401205893348e-02 6.269028226059583631e+01
3.414548873833600737e+03 7.505111540697621819e-02 6.241649414819369213e+01
3.521005201684520671e+03 6.311928940815328404e-02 6.215160985776594771e+01
3.630780547701013802e+03 5.134699883307328183e-02 6.190720345836780325e+01
3.743978389823810630e+03 3.963554153629204185e-02 6.166020821759735782e+01
3.860705432153815309e+03 2.804447390800196560e-02 6.142373304350337548e+01
3.981071705534973262e+03 1.660539157091711279e-02 6.119268180735474516e+01
4.105190671273078806e+03 5.347881545817673686e-03 6.098269417636583967e+01
4.233179328088211150e+03 -5.913679438390837331e-03 6.076675792885794181e+01
4.365158322401661280e+03 -1.711592685746822148e-02 6.056288615323330760e+01
4.501252062061336801e+03 -2.835077136499702943e-02 6.036579359767534925e+01
4.641588833612781855e+03 -3.974979280579389596e-02 6.018598826865797946e+01
4.786300923226384839e+03 -5.077775768861964717e-02 6.001409454288540246e+01
4.935524741394806369e+03 -6.154553138717682587e-02 5.983651215365597409e+01
